0 0.31103515625 0.581584203125 0.28125 0.7242626640625 0.30810546875 0.7267057890624999 0.3421875 0.553125 0.328125 0.5503122109375 0.322265625 0.583050078125 0.31103515625 0.581584203125
0 0.2796875 0.578125 0.27421875 0.6047815140624999 0.3015625 0.6094723125 0.30703125 0.5813275203125 0.2796875 0.578125
0 0.28515625 0.550837328125 0.28359375 0.550837328125 0.284375 0.55234375 0.28125 0.565691525 0.30390625 0.5711641234375 0.31015625 0.5578735265625 0.28515625 0.550837328125
0 0.2921875 0.52109375 0.2890625 0.5344195328125 0.3109375 0.5391103312500001 0.315625 0.528165134375 0.2921875 0.52109375
0 0.26484375 0.63828125 0.25859375 0.6681072968749999 0.2875 0.6751434953125 0.2953125 0.643089703125 0.26484375 0.63828125
0 0.2984375 0.622762909375 0.2703125 0.61640625 0.26640625 0.63136270625 0.26484375 0.6383989046874999 0.29296875 0.6360535046875 0.2984375 0.622762909375
0 0.25703125 0.68125 0.25546875 0.6962520890625 0.28046875 0.7001610875 0.284375 0.6853068921875 0.25703125 0.68125
0 0.30615234375 0.7315920375 0.28173828125 0.72705078125 0.23974609375 0.9116415671875 0.2666015625 0.9175050656250001 0.30615234375 0.7315920375
0 0.23515625 0.7671875 0.22890625 0.7986678609375 0.25703125 0.8057040593749999 0.26640625 0.77286846875 0.23515625 0.7671875
0 0.240625 0.73828125 0.2375 0.758796071875 0.2671875 0.7627050718749999 0.27265625 0.7447236765625 0.240625 0.73828125
0 0.253125 0.8354124515624999 0.21875 0.8296875 0.2109375 0.8635572437500001 0.2125 0.8698116421875 0.24453125 0.8659026437499999 0.253125 0.8354124515624999
0 0.2234375 0.80625 0.221875 0.82055825625 0.25390625 0.828376253125 0.25625 0.8127402578125 0.2234375 0.80625
0 0.20859375 0.9015625 0.20390625 0.9190650296875 0.23203125 0.9253194265625 0.2375 0.91281063125 0.20859375 0.9015625
0 0.2125 0.86953125 0.2109375 0.8838840390625 0.23671875 0.8901384374999999 0.24296875 0.873720640625 0.2125 0.86953125
0 0.359375 0.5952657 0.35009765625 0.5933112 0.3544921875 0.5659482078125 0.34228515625 0.5634765625 0.30810546875 0.7291489125 0.33203125 0.7335465375 0.359375 0.5952657
0 0.33104296875 0.7378702828125 0.30809375 0.7333984375 0.267078125 0.9215932328124999 0.29002734375 0.92745673125 0.33104296875 0.7378702828125
0 0.37596484375 0.7798920218750001 0.327625 0.77099609375 0.30272265625 0.8829918687499999 0.35057421875 0.894718865625 0.37596484375 0.7798920218750001
0 0.331521484375 0.896184740625 0.304666015625 0.890625 0.301248046875 0.9079117374999999 0.329080078125 0.9127979859375 0.331521484375 0.896184740625
0 0.323708984375 0.92647948125 0.296853515625 0.9225704828125 0.291970703125 0.940649603125 0.320779296875 0.9460244765624999 0.323708984375 0.92647948125
0 0.412095703125 0.6016738328125 0.365220703125 0.59228515625 0.341294921875 0.707216803125 0.389634765625 0.7174779265625 0.412095703125 0.6016738328125
0 0.405748046875 0.5630724671875 0.408677734375 0.5435274734375 0.380357421875 0.5380859375 0.378404296875 0.5381526 0.374986328125 0.55623171875 0.405748046875 0.5630724671875
0 0.401353515625 0.5762653390625 0.371568359375 0.572265625 0.370103515625 0.5884809609375 0.398912109375 0.5919013343749999 0.401353515625 0.5762653390625
0 0.493638671875 0.55916346875 0.554185546875 0.5747994640625 0.549791015625 0.5967875828125 0.530259765625 0.593367209375 0.522935546875 0.627082325 0.564927734375 0.6363661984375 0.584458984375 0.544993346875 0.459947265625 0.51953125 0.439439453125 0.6090032046875 0.484361328125 0.619264328125 0.493638671875 0.55916346875
0 0.88719921875 0.64944601875 0.8456953125 0.6421166453125 0.83837109375 0.6553095171875001 0.80175 0.64749151875 0.80516796875 0.6303896484375 0.76024609375 0.623046875 0.7246015625 0.7921244796875 0.8496015625 0.8194874734375001 0.88719921875 0.64944601875
0 0.84375 0.849682221875 0.8037109375 0.8394211 0.8046875 0.8335576015624999 0.75732421875 0.8223192296875 0.755859375 0.828671353125 0.71728515625 0.82080078125 0.66943359375 0.9996900562500001 0.8134765625 0.99871280625 0.84375 0.849682221875