0 0.4694010421875 0.7291666671875 0.4622395828125 0.7801701234375 0.619140625 0.79776061875 0.6243489578125 0.74824663125 0.4694010421875 0.7291666671875
0 0.6471354171875 0.7528071296875 0.6256510421875 0.75 0.6197916671875 0.782776121875 0.64453125 0.7860336218749999 0.6471354171875 0.7528071296875
0 0.19921875 0.273694984375 0.1979166671875 0.250240990625 0.1302083328125 0.25 0.1315104171875 0.28542198124999996 0.1796875 0.28281598125 0.19921875 0.273694984375
0 0.5065104171875 0.33102696875 0.5065104171875 0.29714897812499996 0.4361979171875 0.2981770828125 0.4348958328125 0.3023609765625 0.4401041671875 0.3362389671875 0.5065104171875 0.33102696875
0 0.7916666671875 0.299754978125 0.7955729171875 0.26848298593750003 0.76171875 0.2643229171875 0.75390625 0.3166939734375 0.796875 0.320602971875 0.7994791671875 0.3023609765625 0.7916666671875 0.299754978125
0 0.8216145828125001 0.2658769859375 0.8203125 0.27890698281250004 0.8098958328125001 0.27890698281250004 0.8046875 0.3245119703125 0.8346354171874999 0.3284209703125 0.8411458328125001 0.2802099828125 0.8424479171874999 0.28281598125 0.8385416671874999 0.26717998593750003 0.8216145828125001 0.2658769859375
0 0.5104166671875 0.271187946875 0.4505208328125 0.2721354171875 0.44921875 0.293338940625 0.5078125 0.295944940625 0.5104166671875 0.271187946875
0 0.5872395828125 0.0078125 0.5859375 0.064011003125 0.6184895828125 0.064011003125 0.6171875 0.0131940171875 0.5872395828125 0.0078125
0 0.44921875 0.3541666671875 0.4466145828125 0.4104109859375 0.47265625 0.4117139859375 0.4765625 0.358291 0.44921875 0.3541666671875
0 0.609375 0.135577021875 0.6067708328125 0.1277590234375 0.5846354171875 0.1276041671875 0.5859375 0.15462643125 0.6302083328125 0.15512201718750002 0.6263020828125 0.13688002187499998 0.609375 0.135577021875
0 0.64483173125 0.1468084328125 0.6688701921875 0.1468084328125 0.66766826875 0.131773821875 0.6628605765625 0.128165515625 0.646033653125 0.1287669 0.64483173125 0.1468084328125