0 0.7389705875 0.3006953859375 0.7352941171875 0.2800006859375 0.6893382359375 0.289522059375 0.6856617640625 0.2896582125 0.692555146875 0.30989303125 0.7389705875 0.3006953859375
0 0.731617646875 0.256086809375 0.68520220625 0.266084559375 0.68979779375 0.2859791546875 0.7348345593750001 0.27402221718750003 0.731617646875 0.256086809375
0 0.7251838234375 0.2330926984375 0.6806066171875 0.241727940625 0.6842830875 0.258846103125 0.72886029375 0.250108340625 0.7251838234375 0.2330926984375
0 0.7224264703125 0.2110183515625 0.67738970625 0.219209559375 0.6801470593750001 0.2376915203125 0.7256433828125 0.22803399375 0.7224264703125 0.2110183515625
0 0.7182904406249999 0.18848412187500002 0.6723345593750001 0.1966911765625 0.676930146875 0.2123979984375 0.721507353125 0.20457999999999998 0.7182904406249999 0.18848412187500002
0 0.8350183828125 0.7546405421875 0.7421875 0.7720588234375 0.74448529375 0.7928107671875 0.838694853125 0.7739555953125 0.8350183828125 0.7546405421875
0 0.828125 0.7302667828125 0.7830882359375 0.7390045453125 0.737132353125 0.747242646875 0.7403492640625 0.7638381859375001 0.83042279375 0.7472824265625 0.828125 0.7302667828125
0 0.846507353125 0.8052275874999999 0.7518382359375 0.8231629937499999 0.7545955875 0.8438576937500001 0.8497242640625 0.8259222875000001 0.846507353125 0.8052275874999999
0 0.8396139703125 0.7803939468750001 0.7467830875 0.7973345593750001 0.7486213234375 0.81764440625 0.8428308828125 0.799709 0.8396139703125 0.7803939468750001
0 0.8524816171875 0.8319007562499999 0.75551470625 0.8497242640625 0.7582720593750001 0.8696110984375001 0.8552389703125 0.8525954562500001 0.8524816171875 0.8319007562499999
0 0.8579963234375001 0.858573925 0.8079044124999999 0.8667279406249999 0.8129595593750001 0.88754650625 0.86167279375 0.8797285078125 0.8579963234375001 0.858573925
0 0.8037683828125 0.9022627375000001 0.76792279375 0.90854779375 0.7729779406249999 0.9307754359375 0.80698529375 0.9229574375 0.8037683828125 0.9022627375000001
0 0.8639705875000001 0.892145328125 0.8134191171875 0.9016544124999999 0.8198529406249999 0.9220376734375 0.8681066171875 0.9123801453124999 0.8639705875000001 0.892145328125
0 0.8239889703125 0.93215508125 0.776194853125 0.9420955875000001 0.7794117640625 0.9666462484375 0.8249080875000001 0.9560689578125 0.8239889703125 0.93215508125
0 0.87270220625 0.9243370843750001 0.8239889703125 0.932444853125 0.825367646875 0.95514919375 0.8736213234375001 0.9459515484375001 0.87270220625 0.9243370843750001