0 0.1802884609375 0.84414669375 0.140625 0.8521634609375001 0.15264423124999998 0.913907290625 0.193509615625 0.9042851390625 0.1802884609375 0.84414669375
0 0.24038461562500002 0.917515596875 0.1610576921875 0.93389423125 0.174278846875 0.968031890625 0.24879807656250003 0.9487875890625 0.24038461562500002 0.917515596875
0 0.20673076875000002 0.8389423078125 0.1802884609375 0.8465522312499999 0.19110576875000002 0.8850408359375 0.21754807656250003 0.8778242234375 0.20673076875000002 0.8389423078125
0 0.013221153125 0.7635611765625 0.0012019234375 0.7668269234375 0.0012019234375 0.8273079296875 0.02764423125 0.8224968531249999 0.013221153125 0.7635611765625
0 0.0324519234375 0.56610576875 0.051682692187500004 0.627648290625 0.075721153125 0.5939707609375 0.0324519234375 0.56610576875
0 0.1358173078125 0.6180261390624999 0.11298076875 0.6577175140625 0.177884615625 0.6420815171875 0.1358173078125 0.6180261390624999
0 0.134615384375 0.6228372156249999 0.125 0.5889423078125 0.10336538437500001 0.6204316765625 0.11298076875 0.6589202828125 0.134615384375 0.6228372156249999
0 0.1802884609375 0.6372704421875001 0.1610576921875 0.5552884609375 0.1418269234375 0.5879569171875 0.150240384375 0.625242753125 0.1802884609375 0.6372704421875001
0 0.265625 0.37293533125 0.2644230765625 0.34887995312500003 0.23222701406250001 0.35690736093750003 0.2391826921875 0.3789491765625 0.265625 0.37293533125
0 0.2764423078125 0.3701923078125 0.3052884609375 0.3621104109375 0.30048076875 0.3356494953125 0.2728365390625 0.345271646875 0.2764423078125 0.3701923078125
0 0.33173076875 0.19368935468749998 0.326322115625 0.1690325921875 0.279447115625 0.1792561265625 0.2860576921875 0.20571704375 0.33173076875 0.19368935468749998
0 0.37139423125 0.155234159375 0.3665865390625 0.137192625 0.3076923078125 0.15042308437500002 0.314903846875 0.1696673859375 0.37139423125 0.155234159375
0 0.981971153125 0.3329326921875 0.9579326921875 0.341506015625 0.96514423125 0.384805696875 0.9915865390624999 0.3763863140625 0.981971153125 0.3329326921875
0 0.3137019234375 0.1533936359375 0.271033653125 0.16181301718750002 0.2782451921875 0.1816587046875 0.3173076921875 0.175043475 0.3137019234375 0.1533936359375
0 0.466947115625 0.116110759375 0.3900240390625 0.1322115390625 0.396033653125 0.1509910578125 0.47115384687499995 0.13415229374999998 0.466947115625 0.116110759375
0 0.4759615390625 0.1491869046875 0.396033653125 0.1670673078125 0.3996394234375 0.18587135625 0.48016826874999996 0.1690325921875 0.4759615390625 0.1491869046875
0 0.22786458281250002 0.5745275484375 0.1888020828125 0.5833333328125 0.1966145828125 0.6084055390625001 0.23177083281250002 0.6005875406250001 0.22786458281250002 0.5745275484375
0 0.77734375 0.3048066203125 0.7421875 0.3138020828125 0.7473958328125 0.32435161562500003 0.7786458328125 0.31523061874999997 0.77734375 0.3048066203125