0 0.20005781250000002 0.026892187499999998 0.1927546875 0.022078125 0.18296718750000002 0.035896875 0.1921328125 0.043193749999999996 0.20067812499999998 0.029375000000000002 0.20005781250000002 0.026892187499999998
0 0.226934375 0.0237859375 0.2163703125 0.01773125 0.2115546875 0.02471875 0.20471875 0.0200609375 0.20036718750000002 0.02471875 0.2014546875 0.030928125 0.2152828125 0.040709375 0.226934375 0.0237859375
0 0.180946875 0.0733125 0.17659687500000001 0.0778140625 0.1775296875 0.0799875 0.18731718749999998 0.0860421875 0.1958625 0.0705171875 0.18156875 0.0599609375 0.185296875 0.0529734375 0.17644218750000001 0.046764062499999995 0.17053125 0.0541828125 0.1769078125 0.062289062500000006 0.17317968749999998 0.0675671875 0.180946875 0.0733125
0 0.52453125 0.331153125 0.45708125 0.347921875 0.4609140625 0.3657328125 0.528375 0.34791875 0.52453125 0.331153125
0 0.5294234375 0.3535078125 0.46336093749999996 0.370971875 0.4665078125 0.38703906250000003 0.53361875 0.368875 0.5294234375 0.3535078125
0 0.5371140624999999 0.3755125 0.47175 0.392278125 0.4734984375 0.4097421875 0.540259375 0.392278125 0.5371140624999999 0.3755125
0 0.8450578125 0.2427828125 0.5482984375 0.32346875 0.5514453125000001 0.34128125 0.8492515624999999 0.2585 0.8450578125 0.2427828125
0 0.8516984375 0.26513749999999997 0.55284375 0.346521875 0.5559890625 0.3629375 0.85519375 0.28015625 0.8516984375 0.26513749999999997
0 0.8586890625000001 0.28679375 0.5597140625 0.367909375 0.5612328125 0.3866890625 0.862184375 0.306353125 0.8586890625000001 0.28679375
0 0.8229546875 0.6436140625 0.78603125 0.6540453125 0.7982109375 0.69635 0.8351328125 0.6880437500000001 0.8229546875 0.6436140625
0 0.47835625000000004 0.8889140624999999 0.46599531250000004 0.8938843750000001 0.45974375 0.8769875 0.4467359375 0.8814265625000001 0.4571859375 0.910353125 0.4830453125 0.9002734374999999 0.47835625000000004 0.8889140624999999
0 0.066371875 0.689446875 0.076859375 0.6874515625 0.0748625 0.6713140625 0.053884375 0.6748078125 0.06054374999999999 0.705253125 0.0685359375 0.703921875 0.066371875 0.689446875
0 0.091178125 0.7338671875 0.078525 0.73603125 0.076028125 0.7232203125 0.067203125 0.7240515624999999 0.0743625 0.7534984375 0.093675 0.74950625 0.091178125 0.7338671875
0 0.0467265625 0.7155671875 0.039234375 0.71024375 0.048057812500000005 0.708246875 0.051054687499999994 0.7230531250000001 0.0340734375 0.7268796875 0.0413984375 0.7569921875000001 0.06903437500000001 0.7490078125 0.0528859375 0.69626875 0.045228125 0.6980984375 0.0432296875 0.689446875 0.033073437500000004 0.691278125 0.034904687499999996 0.700428125 0.0275796875 0.7020921875 0.0292453125 0.7120734375 0.039900000000000005 0.7207250000000001 0.0467265625 0.7155671875