0 0.21600625 0.73865625 0.1554203125 0.75133125 0.160440625 0.76835625 0.219021875 0.754153125 0.21600625 0.73865625
0 0.2832015625 0.7205781250000001 0.226775 0.733921875 0.22763593750000002 0.750278125 0.28535468750000004 0.7347828125 0.2832015625 0.7205781250000001
0 0 0.549509375 0.053617187499999996 0.5430531249999999 0.0531859375 0.524975 0 0.5318609375000001 0 0.549509375
0 0 0.574475 0.0553390625 0.5684484375000001 0.055770312499999995 0.5516609375 0 0.5585484375 0 0.574475
0 0.3390625 0.3015625 0.3078125 0.3015625 0.30625 0.3140625 0.3375 0.3140625 0.3421875 0.309375 0.3390625 0.3015625
0 0.340625 0.353125 0.309375 0.353125 0.30625 0.3625 0.3109375 0.365625 0.34375 0.3640625 0.340625 0.353125
0 0.3484375 0.5046875 0.34375 0.4984375 0.3265625 0.4984375 0.309375 0.5 0.309375 0.5125 0.3453125 0.5140625 0.3484375 0.5046875
0 0.3109375 0.5265625 0.3125 0.5390625 0.346875 0.5375 0.3453125 0.525 0.3109375 0.5265625
0 0.30625 0.3265625 0.309375 0.340625 0.3421875 0.3390625 0.3390625 0.3265625 0.30625 0.3265625
0 0.0875 0.3796875 0.059375 0.38125 0.0515625 0.3828125 0.0546875 0.3984375 0.0875 0.3984375 0.0875 0.3796875
0 0.0890625 0.4046875 0.05625 0.409375 0.05625 0.4203125 0.075 0.421875 0.0921875 0.415625 0.0890625 0.4046875
0 0.05 0.3609375 0.0515625 0.375 0.0875 0.3703125 0.0828125 0.35625 0.05 0.3609375
0 0.3703125 0.66875 0.34375 0.671875 0.3453125 0.684375 0.378125 0.68125 0.378125 0.6734375 0.3703125 0.66875
0 0.3453125 0.721875 0.3453125 0.7328125 0.3796875 0.73125 0.375 0.7203125 0.3453125 0.721875
0 0.3421875 0.6953125 0.3453125 0.7078125 0.378125 0.70625 0.3765625 0.69375 0.3421875 0.6953125
0 0.3453125 0.55 0.3296875 0.55 0.3109375 0.5515625 0.3109375 0.5625 0.346875 0.5609375 0.3453125 0.55