0 0.09375 0.005351278125 0.00390625 0.00390625 0.0052083328125 0.1291362453125 0.0625 0.1421662421875 0.09375 0.005351278125
0 0.1640625 0.1617112359375 0.1744791671875 0.122621246875 0.20833333281250002 0.13174224375000002 0.22265625 0.0457442671875 0.1927083328125 0.04053226875 0.1953125 0.013169276562500002 0.1354166671875 0.004048278125000001 0.1263020828125 0.024896273437499998 0.09505208281250001 0.0234375 0.07682291718749999 0.1030762515625 0.1119791671875 0.11089425 0.1028645828125 0.147378240625 0.1640625 0.1617112359375
0 0.23828125 0.18125623125 0.24609375 0.13695424218750002 0.2786458328125 0.143469240625 0.2669270828125 0.18646822968750001 0.3307291671875 0.20210422499999997 0.36328125 0.039229268750000004 0.3098958328125 0.028805271875 0.3033854171875 0.06789526093750001 0.2643229171875 0.0600772640625 0.2721354171875 0.028805271875 0.23177083281250002 0.0221354171875 0.23177083281250002 0.024896273437499998 0.20182291718749998 0.1721352328125 0.23828125 0.18125623125
0 0.05729166718749999 0.1486812390625 0.0052083328125 0.1354166671875 0.00390625 0.25422421093750003 0.0325520828125 0.2646482078125 0.05729166718749999 0.1486812390625
0 0.07682291718749999 0.27116320625 0.1328125 0.2881022015625 0.1432291671875 0.24380021406250002 0.1809895828125 0.2516182125 0.1979166671875 0.1747412328125 0.06901041718749999 0.1458333328125 0.046875 0.2229522203125 0.08333333281250001 0.2307702171875 0.07682291718749999 0.27116320625
0 0.2109375 0.3011321984375 0.21875 0.26595120781250003 0.2565104171875 0.27376920625 0.24869791718749998 0.3115561953125 0.3059895828125 0.3216145828125 0.3333333328125 0.1994982265625 0.1966145828125 0.1721352328125 0.171875 0.2920112015625 0.2109375 0.3011321984375
0 0.18359375 0.42882616406249996 0.1940104171875 0.389736175 0.22526041718749998 0.39885717187499997 0.21744791718749998 0.4353411625 0.2669270828125 0.45879515625 0.2708333328125 0.4596354171875 0.3033854171875 0.32198019218749996 0.171875 0.2933142 0.1432291671875 0.42231116562500004 0.18359375 0.42882616406249996
0 0.0455729171875 0.3936451734375 0.10546875 0.41319016875000003 0.1171875 0.36758518125 0.1510416671875 0.378009178125 0.1692708328125 0.29461719999999997 0.0416666671875 0.265625 0.0208333328125 0.3467371859375 0.05729166718749999 0.353252184375 0.0455729171875 0.3936451734375
0 0.0078125 0.26207272656249997 0.0078125 0.3832211765625 0.0364583328125 0.26986020625 0.0078125 0.26207272656249997
0 0.9088541671874999 0.0041573203125 0.69921875 0.00390625 0.7005208328125 0.0041573203125 0.82421875 0.10579129218750001 0.9088541671874999 0.0041573203125
0 0.9713541671874999 0.00390625 0.9283854171874999 0.05888330625 0.9505208328125001 0.0771253 0.9986979171874999 0.017187317187500002 0.9713541671874999 0.00390625
0 0.921875 0.0703125 0.8736979171874999 0.1318512859375 0.8932291671874999 0.14748728125 0.9427083328125001 0.0823372984375 0.921875 0.0703125
0 0.9557291671874999 0.091458296875 0.9010416671874999 0.160517278125 0.9283854171874999 0.1761532734375 0.9817708328125001 0.111003290625 0.9557291671874999 0.091458296875
0 0.6833333328125 0.9709858078125 0.7348958328124999 0.9829734046875 0.7583333328124999 0.8698730359375 0.6963541671875 0.8572916671874999 0.68125 0.918865821875 0.6942708328125 0.922514221875 0.6833333328125 0.9709858078125
0 0.7822916671875 0.9897490031249999 0.7802083328125 0.9996518 0.8098958328125001 1 0.834375 0.8844666312499999 0.7598958328125 0.8697916671874999 0.759375 0.8698730359375 0.734375 0.9808886046874999 0.7822916671875 0.9897490031249999
0 0.9626736109375 0.086185515625 0.980034721875 0.0983468453125 0.996527778125 0.0801048515625 0.99738629375 0.040585301562499995 0.996527778125 0.041014860937499995 0.9626736109375 0.086185515625