0 0.2435171875 0.7493578125 0.17224375 0.7684953125 0.17686249999999998 0.78499375 0.2491265625 0.7638765624999999 0.2435171875 0.7493578125
0 0.328978125 0.7252703125 0.2560546875 0.7447375 0.2560546875 0.7622265625 0.330628125 0.7417687500000001 0.328978125 0.7252703125
0 0.3378875 0.755296875 0.26364375 0.773775 0.2659546875 0.7925828125 0.3392078125 0.773775 0.3378875 0.755296875
0 0.2504453125 0.778725 0.179503125 0.7981921875 0.18511249999999999 0.8146906250000001 0.25704531249999996 0.79324375 0.2504453125 0.778725
0 0.2610046875 0.8163406249999999 0.18973125 0.8364687500000001 0.195340625 0.8539578125 0.26694375 0.8325093750000001 0.2610046875 0.8163406249999999
0 0.34910625 0.7929125 0.2748640625 0.8120515625 0.2788234375 0.8295390625 0.35075625 0.8117218749999999 0.34910625 0.7929125
0 0.3365671875 0.8265703125 0.2831125 0.840759375 0.2850921875 0.8582468750000001 0.3388765625 0.8414187500000001 0.3365671875 0.8265703125
0 0.27189375 0.8457078125 0.218109375 0.8608859375 0.22206874999999998 0.8757359375 0.2761828125 0.8589062500000001 0.27189375 0.8457078125
0 0.2794828125 0.8849750000000001 0.2207484375 0.9004828125 0.22404843749999998 0.9156609375 0.284103125 0.8985031250000001 0.2794828125 0.8849750000000001
0 0.35504531250000004 0.8628671875 0.296640625 0.879034375 0.29994062499999996 0.8952031249999999 0.35867499999999997 0.8767250000000001 0.35504531250000004 0.8628671875
0 0.373853125 0.88794375 0.3029109375 0.9077421875 0.30489062499999997 0.9258906250000001 0.3768234375 0.9054328125 0.373853125 0.88794375
0 0.28905156249999997 0.9120312500000001 0.21909843750000002 0.9324890625 0.22239843750000002 0.94931875 0.2949921875 0.928859375 0.28905156249999997 0.9120312500000001