0 0.79605263125 0.5207438234375 0.7450657890625 0.523026315625 0.75082236875 0.6252581109375 0.8001644734375001 0.6236122171875 0.79605263125 0.5207438234375
0 0.8215460531250001 0.67269736875 0.8190789468749999 0.6244351640625 0.7689144734375 0.6252581109375 0.773026315625 0.6729890453125 0.8215460531250001 0.67269736875
0 0.883223684375 0.5783501234374999 0.8791118421874999 0.5083996171875 0.8009868421874999 0.5098684203125 0.7993421046875 0.59810085625 0.8774671046875 0.591517278125 0.883223684375 0.5783501234374999
0 0.9399671046875 0.56189118125 0.976973684375 0.5602452875 0.9736842109375001 0.48355263125 0.9481907890624999 0.4820653078125 0.93667763125 0.5009930921875 0.9399671046875 0.56189118125
0 0.8766447375 0.506753721875 0.9120065796875 0.51498319375 0.9350328953125 0.5133373 0.9309210531250001 0.45065789531249995 0.8371710531250001 0.45737689374999996 0.835526315625 0.5092225640625 0.8766447375 0.506753721875
0 0.90625 0.43762616249999997 0.8939144734375001 0.43598026718750005 0.8939144734375001 0.41376069531250004 0.8174342109375001 0.41858552656250003 0.8223684203125 0.46066868281250006 0.9078947375 0.45243921093750006 0.90625 0.43762616249999997
0 0.8799342109375001 0.36849860156249997 0.8297697375 0.366776315625 0.8330592109375001 0.41293774843750003 0.8791118421874999 0.41046890625000004 0.8799342109375001 0.36849860156249997
0 0.8034539468749999 0.3948329109375 0.78125 0.397203946875 0.7861842109375 0.46889815312499994 0.8075657890624999 0.4697211015625 0.8034539468749999 0.3948329109375
0 0.8264802625 0.36438386562499997 0.7796052625 0.365953946875 0.7771381578125001 0.3849575453125 0.8248355265624999 0.3866034390625 0.8264802625 0.36438386562499997
0 0.8026315796875 0.503461934375 0.8034539468749999 0.512514353125 0.8215460531250001 0.5133373 0.8190789468749999 0.46889815312499994 0.758223684375 0.47203947343749997 0.759046053125 0.48535709687499995 0.7861842109375 0.49687835625 0.8026315796875 0.503461934375
0 0.7763157890625 0.4927636203125 0.7450657890625 0.49358656874999995 0.7458881578125001 0.5108684578125 0.78125 0.505930775 0.7763157890625 0.4927636203125