0 0.20546875 0.198593090625 0.17265625 0.1984375 0.1734375 0.2728640703125 0.20546875 0.2728640703125 0.20546875 0.198593090625
0 0.37578125 0.198593090625 0.3421875 0.19921875 0.34921875 0.2720822703125 0.3734375 0.2736458703125 0.37578125 0.198593090625
0 0.14921875 0.3635528453125 0.1140625 0.36328125 0.1171875 0.43938742499999994 0.1484375 0.43938742499999994 0.14921875 0.3635528453125
0 0.2046875 0.36824364374999996 0.17265625 0.36875 0.1765625 0.4323512265625 0.20390625 0.4323512265625 0.2046875 0.36824364374999996
0 0.31640625 0.36824364374999996 0.28828125 0.36796875 0.2875 0.4323512265625 0.3171875 0.43313302656249997 0.31640625 0.36824364374999996
0 0.3734375 0.36980724375 0.34609375 0.36953125 0.34765625 0.4323512265625 0.37265625 0.43313302656249997 0.3734375 0.36980724375
0 0.8544921875 0.25613564375000003 0.853515625 0.22584090156249997 0.7802734375 0.2236328125 0.779296875 0.22290915312499998 0.7841796875 0.25515839375 0.8544921875 0.25613564375000003
0 0.9306640625 0.40272310468750006 0.9580078125 0.40272310468750006 0.9580078125 0.3714511125 0.9404296875 0.3724283625 0.939453125 0.3460426203125 0.92578125 0.345703125 0.9228515625 0.3734056125 0.9306640625 0.3734056125 0.9306640625 0.40272310468750006
0 0.5947265625 0.62127380625 0.5546875 0.6201171875 0.552734375 0.6935902859375 0.5947265625 0.6935902859375 0.5947265625 0.62127380625
0 0.6396484375 0.6711135421875001 0.638671875 0.6220703125 0.5927734375 0.62225105625 0.59375 0.6906585375 0.62109375 0.6896812875 0.6396484375 0.6711135421875001
0 0.69921875 0.6242055546875 0.66796875 0.6240234375 0.66796875 0.6906585375 0.69921875 0.6916357875 0.69921875 0.6242055546875
0 0.8837890625 0.6232283046875 0.84375 0.623046875 0.8447265625 0.6965220359375001 0.8818359375 0.6974992859375 0.8837890625 0.6232283046875
0 0.9541015625 0.6271373046875001 0.91796875 0.6259765625 0.9189453125 0.6740452921875 0.9521484375 0.675022540625 0.9541015625 0.6271373046875001