0 0.4561171875 0.0737328125 0.41624999999999995 0.0799484375 0.41967968750000006 0.1035265625 0.459975 0.0994546875 0.4561171875 0.0737328125
0 0.46426249999999997 0.116815625 0.42568124999999996 0.11960156250000001 0.430396875 0.15711250000000002 0.4687640625 0.15239687500000001 0.46426249999999997 0.116815625
0 0.5300281250000001 0.2541890625 0.4927015625 0.26016093749999997 0.49494218749999996 0.2866625 0.53488125 0.278825 0.5300281250000001 0.2541890625
0 0.5055703125 0.47658125 0.477271875 0.4800328125 0.483484375 0.5169578125000001 0.509365625 0.5141984374999999 0.5055703125 0.47658125
0 0.558025 0.46795468749999997 0.5311078124999999 0.47037031249999994 0.5373187500000001 0.5086765625 0.5642375000000001 0.5038453125 0.558025 0.46795468749999997
0 0.531453125 0.5276562499999999 0.502809375 0.530071875 0.509365625 0.56906875 0.534903125 0.5659625 0.531453125 0.5276562499999999
0 0.48727968749999995 0.5328328124999999 0.4600171875 0.534903125 0.46519374999999996 0.5759703125 0.4910765625 0.57079375 0.48727968749999995 0.5328328124999999
0 0.56659375 0.7597515625 0.5625875 0.7174 0.5102203125 0.72255 0.5096484375 0.723409375 0.5150859375 0.766046875 0.56659375 0.7597515625
0 0.5803296875 0.8653437500000001 0.5648765625000001 0.8676328124999999 0.5602984375 0.8455984375 0.5777546874999999 0.8438812499999999 0.5703140624999999 0.801815625 0.5342578125 0.80525 0.5491375 0.8868046875 0.5854796875 0.8807953124999999 0.5803296875 0.8653437500000001
0 0.9984375 0.385359375 0.9820078125 0.3883140625 0.9820078125 0.39973437500000003 0.9983515625000001 0.398553125 0.9984375 0.385359375
0 0.9705859374999999 0.400128125 0.957196875 0.4011125 0.9690109375 0.47337968750000003 0.9816140624999999 0.4725921875 0.9705859374999999 0.400128125
0 0.9984375 0.4099734375 0.9855515625000001 0.4111546875 0.990671875 0.460975 0.9984375 0.46077812500000004 0.9984375 0.4099734375