0 0.0892857140625 0.58181015625 0.0703125 0.5427201671875 0.0580357140625 0.54495388125 0.052455357812500006 0.5315515984375 0.0334821421875 0.5401785718750001 0.0658482140625 0.6164327187499999 0.0803571421875 0.6264844296875001 0.0892857140625 0.58181015625
0 0.102678571875 0.5795764421875 0.12276785781249999 0.586277584375 0.140625 0.5795764421875 0.10602678593749999 0.5055803578125 0.0904017859375 0.5092144609375 0.084821428125 0.5393695968750001 0.102678571875 0.5795764421875
0 0.0837053578125 0.6220170031250001 0.1350446421875 0.5959821421875 0.100446428125 0.5795764421875 0.0915178578125 0.5829270125 0.0814732140625 0.6209001453125 0.0837053578125 0.6220170031250001
0 0.36607142812500004 0.5739921578125 0.35825892812500004 0.5538887359375 0.34040178593750003 0.54718759375 0.3180803578125 0.5412946421875 0.34375 0.60526415 0.3571428578125 0.5963292953125 0.36607142812500004 0.5739921578125
0 0.37388392812500004 0.6119652906249999 0.430803571875 0.5814732140625 0.39955357187499996 0.563940446875 0.3671875 0.576225871875 0.36049107187499996 0.6141990046875 0.37388392812500004 0.6119652906249999
0 0.5412946421875 0.518149315625 0.5245535718750001 0.480176184375 0.462053571875 0.5078125 0.462053571875 0.5092144609375 0.48214285781250005 0.5427201671875 0.5412946421875 0.518149315625
0 0.23325892812500001 0.364023071875 0.24107142812500001 0.380775925 0.30357142812500004 0.35044642812500004 0.29799107187499996 0.338335365625 0.2712053578125 0.3305173671875 0.24107142812500001 0.3428027921875 0.23325892812500001 0.364023071875
0 0.24330357187499999 0.34056907812500004 0.2377232140625 0.3294005109375 0.2131696421875 0.32381622656250003 0.19866071406250002 0.33258928593750003 0.2142857140625 0.3673736421875 0.23325892812500001 0.36067250156249997 0.24330357187499999 0.34056907812500004
0 0.18415178593749998 0.21324739843749999 0.155133928125 0.2121305421875 0.147321428125 0.21771482656250002 0.1462053578125 0.2165178578125 0.1662946421875 0.2612722421875 0.1819196421875 0.25122053125 0.19084821406250002 0.22776653750000003 0.18415178593749998 0.21324739843749999
0 0.18315972187500001 0.251910821875 0.1901041671875 0.26667815156249997 0.246527778125 0.23958333281250002 0.23958333281250002 0.2241134953125 0.22135416718749998 0.21629549843749998 0.1875 0.2301941609375 0.18315972187500001 0.251910821875
0 0.46875 0.1285601890625 0.45399305625 0.13715277812499999 0.46180555625 0.14767085 0.4748263890625 0.1424588515625 0.46875 0.1285601890625
0 0.09461805625 0.8709401140624999 0.08333333281250001 0.8770207796875 0.097222221875 0.896131440625 0.1171875 0.884838778125 0.089409721875 0.8440114546874999 0.073784721875 0.855902778125 0.082465278125 0.8700714484375001 0.09114583281250001 0.86485945 0.09461805625 0.8709401140624999