0 0.8880703125 0.743125 0.8938078125000001 0.7467078125 0.9984375 0.749575 0.9984375 0.5424484374999999 0.977721875 0.5431640625 0.9569234375000001 0.55463125 0.9583578125000001 0.5911828125 0.9009812500000001 0.5926171874999999 0.9002640625 0.5868828125000001 0.878746875 0.5847328125 0.8794640625 0.5768500000000001 0.8471890625 0.5768500000000001 0.8486234375 0.5238140625 0.7982750000000001 0.5238140625 0.799853125 0.612684375 0.887353125 0.61411875 0.8880703125 0.743125
0 0.5789515625 0.7094390625 0.719525 0.704421875 0.718090625 0.621284375 0.6743406249999999 0.6198515625 0.6721890625 0.6700203124999999 0.55886875 0.6693046875 0.5502625 0.6750375 0.5502625 0.6843546875000001 0.5172703125 0.6865046875 0.5158359375 0.7065718750000001 0.5301796875 0.7065718750000001 0.5323328125 0.7130234375 0.5072296875 0.7130234375 0.5065125 0.63561875 0.4599109375 0.635025 0.4620453125 0.8463296874999999 0.578234375 0.8463296874999999 0.5789515625 0.7094390625
0 0.22321249999999998 0.9187156249999999 0.34011874999999997 0.9179999999999999 0.3379671875 0.8857484375 0.32218749999999996 0.8864640625 0.3186015625 0.8570796875 0.3056921875 0.8570796875 0.3056921875 0.8463296874999999 0.271265625 0.8441796874999999 0.26983125 0.8405953125 0.304975 0.8384453125 0.304975 0.818378125 0.2676796875 0.818378125 0.2662453125 0.7796765625 0.297803125 0.778959375 0.2985203125 0.791859375 0.34513906250000004 0.78899375 0.34513906250000004 0.7137390625 0.29636874999999996 0.71445625 0.2999546875 0.7402578125 0.2239296875 0.739540625 0.22321249999999998 0.9187156249999999
0 0.532765625 0.9182124999999999 0.49028124999999995 0.91763125 0.4894078125 0.9315890625 0.532475 0.9310078125000001 0.532765625 0.9182124999999999
0 0.604640625 0.9199578125000001 0.5414859375 0.9178218749999999 0.5400406249999999 0.9318796875 0.6043499999999999 0.9324609374999999 0.604640625 0.9199578125000001
0 0.5333484375 0.940603125 0.47311249999999994 0.941475 0.472821875 0.9545609374999999 0.5333484375 0.9545609374999999 0.5333484375 0.940603125
0 0.6023125 0.93973125 0.5414953125 0.9394406249999999 0.5417859375 0.9539796875000001 0.6026046875 0.95310625 0.6023125 0.93973125
0 0.6733156250000001 0.9138515625 0.6523640625 0.913559375 0.6512 0.9257734375 0.673896875 0.9260640625000001 0.6733156250000001 0.9138515625
0 0.7274406250000001 0.9129781250000001 0.683790625 0.9126875 0.683209375 0.9266453125 0.7274406250000001 0.9269359375 0.7274406250000001 0.9129781250000001
0 0.7254031249999999 0.9342062500000001 0.68611875 0.933915625 0.685246875 0.94758125 0.7254031249999999 0.94758125 0.7254031249999999 0.9342062500000001
0 0.6733156250000001 0.9359500000000001 0.65156875 0.935103125 0.6517828125 0.9484546875 0.67360625 0.94758125 0.6733156250000001 0.9359500000000001
0 0.6733156250000001 0.9568875 0.651490625 0.956596875 0.6526546875 0.9717171875 0.6724421875 0.9725890625 0.6733156250000001 0.9568875
0 0.673896875 0.99061875 0.634321875 0.9897453125 0.6346140625000001 0.9984375 0.67360625 0.9984375 0.673896875 0.99061875
0 0.7312234375 0.9533968749999999 0.6845296875 0.9520625 0.6843734375 0.96968125 0.7312234375 0.9708453125000001 0.7312234375 0.9533968749999999
0 0.7309328125000001 0.9722984374999999 0.675890625 0.9719031250000001 0.6768078125 0.9894546875 0.7303499999999999 0.9903265625 0.7309328125000001 0.9722984374999999
0 0.7323875 0.991490625 0.6768078125 0.991490625 0.6791359375 0.9984375 0.7309328125000001 0.9984375 0.7323875 0.991490625