0 0.801403125 0.2115234375 0.6778500000000001 0.243478125 0.679303125 0.25945625 0.8057640625 0.2255640625 0.801403125 0.2115234375
0 0.80915625 0.2318578125 0.6817265625 0.2633296875 0.6831796875 0.2783390625 0.8120625 0.24493125 0.80915625 0.2318578125
0 0.8115781249999999 0.2488046875 0.6836640625 0.283665625 0.688025 0.2967375 0.8159390625 0.2657515625 0.8115781249999999 0.2488046875
0 0.675 0.2203125 0.675 0.2328125 0.6875 0.228125 0.684375 0.2203125 0.675 0.2203125
0 0.6609375 0.175 0.6609375 0.1875 0.6734375 0.190625 0.6734375 0.175 0.6609375 0.175
0 0.6484375 0.1296875 0.65 0.1421875 0.6625 0.140625 0.6625 0.1296875 0.6484375 0.1296875
0 0.64375 0.1046875 0.6453125 0.1171875 0.6578125 0.11875 0.65625 0.10625 0.64375 0.1046875
0 0.653125 0.15 0.653125 0.1640625 0.6671875 0.1640625 0.665625 0.1484375 0.653125 0.15
0 0.6703125 0.196875 0.665625 0.2078125 0.678125 0.2109375 0.6796875 0.2 0.6703125 0.196875
0 0.640625 0.0453125 0.63125 0.0375 0.621875 0.0390625 0.621875 0.053125 0.634375 0.0578125 0.640625 0.0453125
0 0.6390625 0.084375 0.6375 0.09375 0.65 0.096875 0.65 0.084375 0.6390625 0.084375
0 0.6171875 0.0171875 0.621875 0.03125 0.6328125 0.025 0.6296875 0.0140625 0.6171875 0.0171875
0 0.6328125 0.0609375 0.6296875 0.075 0.6453125 0.0796875 0.6421875 0.059375 0.6328125 0.0609375