0 0.18813437500000002 0.94526875 0.1830328125 0.9622624999999999 0.2244109375 0.9730234375 0.2317796875 0.9486687500000001 0.2521859375 0.9548984375 0.27939375 0.8563421874999999 0.2623890625 0.8523765624999999 0.2657890625 0.8393484375 0.223278125 0.829153125 0.2170421875 0.8382156249999999 0.19380312500000002 0.8314187499999999 0.2017390625 0.7906375 0.1801984375 0.78440625 0.16319375 0.8359500000000001 0.112746875 0.8212234374999999 0.0761140625 0.923871875 0.11898125 0.93620625 0.12635000000000002 0.9254453125 0.18813437500000002 0.94526875
0 0.27542656249999997 0.9984375 0.374053125 0.9984375 0.3757546875 0.9945484375 0.2850625 0.9639609374999999 0.2873296875 0.9503671875 0.2652234375 0.9435703125 0.2510515625 0.9820874999999999 0.219309375 0.9730234375 0.20797343750000002 0.9984375 0.25161875 0.9984375 0.254453125 0.9945484375 0.27542656249999997 0.9984375
0 0.12238281250000001 0.9798203125 0.11663125 0.9980499999999999 0.1580921875 0.9984375 0.1592265625 0.9888843749999999 0.12238281250000001 0.9798203125
0 0.5542125 0.44175312499999997 0.5439484375 0.4551640625 0.5760546875 0.4780734375 0.58421875 0.464634375 0.5542125 0.44175312499999997
0 0.570003125 0.4192671875 0.5597390625 0.435440625 0.5905296875 0.4563484375 0.5988203125 0.4413578125 0.570003125 0.4192671875
0 0.5842140625 0.397571875 0.5735546874999999 0.411378125 0.6063203125000001 0.4358359375 0.614215625 0.42005625 0.5842140625 0.397571875
0 0.6003984375 0.37705937500000003 0.590134375 0.391259375 0.6197421875 0.414928125 0.629215625 0.3987546875 0.6003984375 0.37705937500000003
0 0.663559375 0.421240625 0.631584375 0.4003328125 0.6236890625 0.4153234375 0.654875 0.435440625 0.663559375 0.421240625
0 0.614609375 0.353784375 0.60355625 0.37153593749999997 0.6343484375 0.390865625 0.64500625 0.37548125 0.614609375 0.353784375
0 0.62803125 0.3324828125 0.61953125 0.3460453125 0.6517171875 0.36916875 0.6588234374999999 0.353784375 0.62803125 0.3324828125
0 0.641453125 0.3107875 0.633421875 0.32347187499999996 0.6639546875 0.34747343750000004 0.6750078125 0.33208906250000003 0.641453125 0.3107875
0 0.6588234374999999 0.2898796875 0.6505328125000001 0.30408124999999997 0.6809296875 0.325778125 0.6888234375 0.309209375 0.6588234374999999 0.2898796875
0 0.67421875 0.268578125 0.6655328125 0.2812015625 0.695140625 0.3052640625 0.705009375 0.29066875 0.67421875 0.268578125
0 0.6872453125 0.24767187499999999 0.67698125 0.26345 0.7105359375 0.28356875000000004 0.719615625 0.26739531250000004 0.6872453125 0.24767187499999999
0 0.7022453125 0.22676406249999997 0.6935609375 0.23820468749999998 0.72593125 0.2606890625 0.7326421875 0.2468828125 0.7022453125 0.22676406249999997
0 0.7180359375 0.20309531249999999 0.7081671875 0.215325 0.7409328125 0.2401765625 0.7476421875 0.22439843750000002 0.7180359375 0.20309531249999999
0 0.7338265625 0.18179375 0.722378125 0.1948125 0.7535640625 0.2180859375 0.7638281250000001 0.20230781250000002 0.7338265625 0.18179375
0 0.767775 0.20309531249999999 0.7575796875 0.21711249999999999 0.78711875 0.240965625 0.7969875 0.224003125 0.767775 0.20309531249999999
0 0.752775 0.22597499999999998 0.7444843750000001 0.2393875 0.7729078125 0.2626609375 0.780803125 0.24727656250000002 0.752775 0.22597499999999998
0 0.6935609375 0.31315468750000003 0.6856656250000001 0.326171875 0.7144828125 0.3490515625 0.721984375 0.336034375 0.6935609375 0.31315468750000003
0 0.6777703125000001 0.33485 0.668296875 0.34826250000000003 0.699878125 0.36877499999999996 0.7085625 0.35536249999999997 0.6777703125000001 0.33485
0 0.663165625 0.356940625 0.6544796875000001 0.36877499999999996 0.6773765625 0.3881046875 0.68645625 0.3746921875 0.663165625 0.356940625
0 0.6477703125 0.3786375 0.638690625 0.39323281250000003 0.6686921875 0.414534375 0.67698125 0.3999390625 0.6477703125 0.3786375