0 0.096875 0.88561715625 0.0671875 0.8901041671875 0.0703125 0.90698635 0.1 0.9038591515625001 0.096875 0.88561715625
0 0.0921875 0.8663327609374999 0.065625 0.8697916671874999 0.0666666671875 0.8903079546875 0.0958333328125 0.8845747562499999 0.0921875 0.8663327609374999
0 0.0890625 0.8475695671875 0.0609375 0.8510416671875 0.0645833328125 0.8689387609375 0.0921875 0.8658115609375001 0.0890625 0.8475695671875
0 0.08645833281250001 0.828806371875 0.0578125 0.83125 0.059375 0.850696765625 0.0875 0.8449635671875001 0.08645833281250001 0.828806371875
0 0.08125 0.8079583765624999 0.0546875 0.8119791671875 0.05625 0.829848771875 0.08541666718749999 0.8267215718750001 0.08125 0.8079583765624999
0 0.078125 0.7871103828125 0.050520832812500006 0.790625 0.0536458328125 0.8095219765625 0.08125 0.805352378125 0.078125 0.7871103828125
0 0.0744791671875 0.7678259875 0.046875 0.7723958328125 0.0484375 0.7886739828125 0.078125 0.7855467828125 0.0744791671875 0.7678259875
0 0.07083333281250001 0.7490627937500001 0.0447916671875 0.7536458328125 0.0458333328125 0.7699107875 0.0734375 0.7652199890625 0.07083333281250001 0.7490627937500001
0 0.065625 0.7282147984375 0.040625 0.7328125 0.0447916671875 0.7516687921874999 0.0692708328125 0.7490627937500001 0.065625 0.7282147984375
0 0.0494791671875 0.79284358125 0.0036458328125000003 0.7996191796875001 0.0026041671875 0.8209883734375 0.053125 0.814212775 0.0494791671875 0.79284358125
0 0.0020833328125000002 0.7822916671875 0.0015625 0.8032675781249999 0.0515625 0.79336478125 0.046875 0.7735591859375 0.0020833328125000002 0.7822916671875
0 0.0020833328125000002 0.7609375 0.0020833328125000002 0.7813771843749999 0.0473958328125 0.7740803859375001 0.0442708328125 0.7542747921874999 0.0020833328125000002 0.7609375
0 0.0380208328125 0.7323843984375 0.0010416671875 0.7390625 0.0015625 0.758965590625 0.0416666671875 0.7516687921874999 0.0380208328125 0.7323843984375
0 0.06591796875 0.892245846875 0.017578125 0.90087890625 0.0205078125 0.9166770890624999 0.0693359375 0.9078818421875001 0.06591796875 0.892245846875
0 0.064453125 0.8697691031250001 0.0146484375 0.87939453125 0.01513671875 0.8985979703125 0.06787109375 0.890779971875 0.064453125 0.8697691031250001
0 0.06005859375 0.8512013578125 0.009765625 0.85888671875 0.01025390625 0.8775871000000001 0.0654296875 0.8687918531250001 0.06005859375 0.8512013578125
0 0.056640625 0.8336108624999999 0.00830078125 0.84033203125 0.0087890625 0.8575534812500001 0.05908203125 0.8497354828124999 0.056640625 0.8336108624999999
0 0.05389030625 0.8129173906249999 0.0047831625 0.8191964281249999 0.0044642859375000005 0.8416365671875001 0.05612244843750001 0.832382609375 0.05389030625 0.8129173906249999
0 0.01318359375 0.90152971875 0.0009765625 0.904296875 0.0009765625 0.9186315890625 0.015625 0.9156998406250001 0.01318359375 0.90152971875
0 0.00927734375 0.88051885 0.0009765625 0.8818359375 0.00244140625 0.90152971875 0.01220703125 0.8990865937500001 0.00927734375 0.88051885
0 0.005859375 0.8619511046874999 0.00244140625 0.8623046875 0.001953125 0.8785643500000001 0.00830078125 0.8780757250000001 0.005859375 0.8619511046874999