0 0.2403734375 0.42383125 0.23986562500000003 0.405196875 0.2092046875 0.4055359375 0.209375 0.4055359375 0.20971250000000002 0.42383125 0.2403734375 0.42383125
0 0.1328078125 0.4319625 0.12382968750000001 0.43213125 0.12399843749999999 0.45025624999999997 0.10604218750000001 0.45059531249999996 0.10722812500000001 0.47092343750000004 0.1338234375 0.4704140625 0.1328078125 0.4319625
0 0.7252015625 0.7283828125 0.665925 0.741684375 0.67575625 0.7844796875 0.7370578125 0.76944375 0.7252015625 0.7283828125
0 0.737346875 0.7807203125 0.6864546875 0.7928640625 0.6896359375000001 0.8064546874999999 0.7393703125 0.7946 0.737346875 0.7807203125
0 0.74341875 0.811659375 0.69310625 0.823515625 0.696865625 0.8368156250000001 0.7474671875000001 0.8252499999999999 0.74341875 0.811659375
0 0.7162390624999999 0.8336359375000001 0.689346875 0.8397078125 0.7139249999999999 0.9331046875 0.7419734375 0.9264546875 0.7162390624999999 0.8336359375000001
0 0.733009375 0.8576359374999999 0.7425515625 0.8561890625 0.744575 0.8674671875 0.7356125 0.8700687500000001 0.750359375 0.924140625 0.7755156249999999 0.9172015625000001 0.7518046875 0.8232265625 0.7338765625 0.8261171875000001 0.7376359375 0.8417312499999999 0.7289609375 0.8446234374999999 0.733009375 0.8576359374999999
0 0.05 0.434375 0.0515625 0.475 0.078125 0.471875 0.0734375 0.434375 0.05 0.434375
0 0.5140625 0.3109375 0.515625 0.328125 0.5359375 0.325 0.5328125 0.3078125 0.5140625 0.3109375
0 0.684375 0.2703125 0.684375 0.284375 0.7140625 0.2828125 0.7125 0.26875 0.684375 0.2703125
0 0.73125 0.26875 0.73125 0.2859375 0.759375 0.284375 0.759375 0.2703125 0.73125 0.26875
0 0.6078125 0.3109375 0.60625 0.328125 0.621875 0.3296875 0.6234375 0.3140625 0.6078125 0.3109375