0 0.476709375 0.56734375 0.43705625000000003 0.5751265625 0.44626093750000007 0.6204109375 0.4859140625 0.610859375 0.476709375 0.56734375
0 0.246875 0.246875 0.246875 0.2625 0.278125 0.2609375 0.2828125 0.246875 0.246875 0.246875
0 0.3078125 0.25 0.290625 0.2484375 0.2859375 0.25 0.2875 0.2703125 0.30625 0.271875 0.3078125 0.25
0 0.3328125 0.25 0.3328125 0.26875 0.353125 0.2703125 0.353125 0.2484375 0.3328125 0.25
0 0.3796875 0.25 0.378125 0.2671875 0.396875 0.26875 0.3984375 0.246875 0.3796875 0.25
0 0.425 0.246875 0.425 0.2671875 0.440625 0.2671875 0.44375 0.2484375 0.425 0.246875
0 0.515625 0.25 0.509375 0.2390625 0.4859375 0.240625 0.4796875 0.246875 0.4828125 0.253125 0.5125 0.2546875 0.515625 0.25
0 0.5953125 0.2109375 0.5953125 0.2296875 0.6171875 0.228125 0.6171875 0.209375 0.5953125 0.2109375
0 0.8671875 0.1546875 0.834375 0.15 0.8328125 0.1796875 0.8609375 0.1890625 0.86875 0.171875 0.8671875 0.1546875
0 0.5625 0.20625 0.5515625 0.203125 0.5234375 0.20625 0.525 0.2203125 0.553125 0.2203125 0.565625 0.2140625 0.5625 0.20625
0 0.8328125 0.18125 0.834375 0.215625 0.86875 0.2125 0.8640625 0.1796875 0.8328125 0.18125
0 0.6578125 0.2 0.6234375 0.2046875 0.625 0.2171875 0.6578125 0.21875 0.6609375 0.2125 0.6578125 0.2