0 0.314453125 0.0549156625 0.314453125 0.0461204140625 0.29296875 0.046875 0.29296875 0.08325590468750001 0.322265625 0.08325590468750001 0.3232421875 0.0549156625 0.314453125 0.0549156625
0 0.32421875 0.034393417187500004 0.3251953125 0.0128939234375 0.294921875 0.01171875 0.296875 0.026575420312499997 0.3125 0.0255981703125 0.3115234375 0.03341616875 0.32421875 0.034393417187500004
0 0.3349609375 0.0842331546875 0.35546875 0.0861876546875 0.3564453125 0.0568701625 0.3349609375 0.0558929125 0.3359375 0.0461204140625 0.3251953125 0.0458984375 0.326171875 0.0627336609375 0.3349609375 0.063710909375 0.3349609375 0.0842331546875
0 0.3291015625 0.0148484234375 0.326171875 0.0146484375 0.3291015625 0.0383024171875 0.359375 0.0373251671875 0.3583984375 0.0148484234375 0.3291015625 0.0148484234375
0 0.42578125 0.427025146875 0.44140625 0.428002396875 0.439453125 0.3781626609375 0.4111328125 0.37890625 0.41015625 0.408457403125 0.4267578125 0.408457403125 0.42578125 0.427025146875
0 0.44140625 0.42897964687499995 0.4755859375 0.41725265 0.4736328125 0.3762081609375 0.4423828125 0.3762081609375 0.44140625 0.42897964687499995
0 0.4033203125 0.44921875 0.408203125 0.47979663281249996 0.439453125 0.450479140625 0.4033203125 0.44921875
0 0.44921875 0.4501953125 0.48046875 0.48663738125 0.482421875 0.450479140625 0.44921875 0.4501953125
0 0.3525390625 0.45829713906249997 0.3525390625 0.47979663281249996 0.3720703125 0.4814453125 0.3720703125 0.44266114375 0.3310546875 0.4455928921875 0.333984375 0.4592743890625 0.3525390625 0.45829713906249997
0 0.33159722187499996 0.440354015625 0.3532986109375 0.4394853484375 0.35503472187499996 0.406476025 0.3229166671875 0.40625 0.32378472187499996 0.42471801875 0.33159722187499996 0.42384935312499994 0.33159722187499996 0.440354015625
0 0.112847221875 0.634737371875 0.098090278125 0.6336805562500001 0.10069444375 0.6625346984375 0.112847221875 0.66166603125 0.112847221875 0.634737371875
0 0.13454861093749998 0.7068366859374999 0.113715278125 0.7077053515625 0.113715278125 0.687726025 0.09982638906249999 0.6875 0.09982638906249999 0.7259473468750001 0.13368055625 0.7268160140625 0.13454861093749998 0.7068366859374999
0 0.1510416671875 0.6825140249999999 0.1354166671875 0.683159721875 0.140625 0.7250786812500001 0.15190972187500001 0.7268160140625 0.1510416671875 0.6825140249999999
0 0.17013888906250002 0.667746696875 0.1510416671875 0.6668780296875 0.1536458328125 0.7129173515625 0.17013888906250002 0.714654684375 0.17013888906250002 0.667746696875
0 0.15190972187500001 0.6660093640625 0.16753472187500001 0.66427203125 0.1666666671875 0.63126270625 0.15451388906250002 0.6303940390625 0.1510723671875 0.6331491953125 0.15190972187500001 0.6660093640625
0 0.33680555624999997 0.6729586953125 0.35069444375000003 0.6729586953125 0.35069444375000003 0.66166603125 0.30815972187499996 0.660590278125 0.3072916671875 0.6990186875 0.33680555624999997 0.6998873546875 0.33680555624999997 0.6729586953125
0 0.33680555624999997 0.69206935625 0.36371527812500004 0.6903320234375 0.36371527812500004 0.6990186875 0.3958333328125 0.6998873546875 0.39149305624999997 0.6625346984375 0.359375 0.66166603125 0.359375 0.6738273609375 0.33506944375000003 0.6729586953125 0.33680555624999997 0.69206935625
0 0.640625 0.7606280296875 0.659722221875 0.7597593640625 0.6623263890625 0.7423860343750001 0.6744791671875 0.7415173687500001 0.6744791671875 0.7597593640625 0.6927083328125 0.7606280296875 0.690972221875 0.7415173687500001 0.7022569437499999 0.7406487015625001 0.707465278125 0.6501736109375 0.667534721875 0.6485700609375 0.6649305562500001 0.7102453765625001 0.640625 0.7102453765625001 0.640625 0.7606280296875
0 0.5451388890625 0.7015587125 0.582465278125 0.7041647125 0.5842013890625 0.68505405 0.515625 0.684027778125 0.5130208328125 0.735436703125 0.5442708328125 0.7371740359375 0.5451388890625 0.7015587125
0 0.5460069437499999 0.7536786984375 0.519097221875 0.753472221875 0.5147569437499999 0.8153540156249999 0.5442708328125 0.8179600140625001 0.5460069437499999 0.7536786984375