0 0.25639204531250004 0.736710103125 0.2024147734375 0.7393465906250001 0.200284090625 0.8013862671875 0.25497159062499997 0.7999648140625 0.25639204531250004 0.736710103125
0 0.00213068125 0.5028409093749999 0.0007102265624999999 0.5470404359375001 0.0696022734375 0.5434868015625 0.06889204531250001 0.5051075390624999 0.00213068125 0.5028409093749999
0 0.17755681875 0.15625 0.17826704531249998 0.18484901874999998 0.2180397734375 0.1827168375 0.215909090625 0.1528663 0.17755681875 0.15625
0 0.2848011359375 0.18698120000000001 0.28267045468749996 0.1429161203125 0.26775568125000004 0.14275568125 0.26846590937500003 0.1429161203125 0.27201704531250004 0.18698120000000001 0.2848011359375 0.18698120000000001
0 0.2272727265625 0.1898241078125 0.22443181874999998 0.1471804828125 0.2173295453125 0.1477272734375 0.21661931874999998 0.147891209375 0.2173295453125 0.1891133796875 0.2272727265625 0.1898241078125
0 0.22443181874999998 0.14204545468750002 0.22869318125000002 0.1940884703125 0.237215909375 0.19337774218749998 0.2357954546875 0.143626846875 0.22443181874999998 0.14204545468750002
0 0.9382102265625001 0.2338092171875 0.9367897734374999 0.20253722500000002 0.9012784093749999 0.2039586796875 0.9034090906250001 0.2039586796875 0.90411931875 0.23807357968749998 0.9382102265625001 0.2338092171875
0 0.9779829546875 0.2359413984375 0.97869318125 0.20099431874999998 0.9417613640625 0.2018264984375 0.9438920453125 0.235230671875 0.9779829546875 0.2359413984375
0 0.9389204546875 0.449762290625 0.9545454546875 0.4483408375 0.9538352265625001 0.43483702187500006 0.9176136359375 0.43678977343750003 0.91974431875 0.45900174375 0.9389204546875 0.45829101562499996 0.9389204546875 0.449762290625
0 0.9984375 0.43341556875 0.9815340906250001 0.43394886406250005 0.9836647734374999 0.4483408375 0.99786931875 0.44763010937500003 0.9984375 0.43341556875
0 0.8813920453125 0.7096724859375 0.8238636359375 0.7118046671875 0.828125 0.7700842875 0.8821022734374999 0.76795210625 0.8813920453125 0.7096724859375
0 0.93536931875 0.7075403046875001 0.88068181875 0.7102272734375 0.8828125 0.765819925 0.9367897734374999 0.7665306515625 0.93536931875 0.7075403046875001
0 0.10336538437500001 0.7487980765625 0.10516826875 0.7723408828125 0.1376201921875 0.7687325765625 0.1334134609375 0.7464813515625 0.10336538437500001 0.7487980765625
0 0.1983173078125 0.0067251875 0.200721153125 0.041605484375 0.21514423124999998 0.041605484375 0.21274038437499998 0.0037182640624999997 0.1991914328125 0.005413075 0.1983173078125 0.0067251875