0 0.1596546875 0.1208796875 0.1318125 0.1199734375 0.12999687499999998 0.047090625000000004 0.1000375 0.046182812499999996 0.10064218750000001 0.0310625 0.0512875 0.0309921875 0.0498 0.1955765625 0.16298437500000001 0.19466875 0.1596546875 0.1208796875
0 0.23168125 0 0.23016874999999998 0.043329687500000005 0.1738796875 0.0445390625 0.17418125 0.0850625 0.341234375 0.0871796875 0.3391171875 0 0.23168125 0
0 0.5788234375 0.24138593749999998 0.5521515625 0.24043437499999998 0.55246875 0.1646 0.5051578125 0.165234375 0.5057921875 0.147465625 0.465784375 0.147465625 0.4645140625 0.25915468750000004 0.57850625 0.2578859375 0.5788234375 0.24138593749999998
0 0.6497890625 0.5227 0.6206875000000001 0.5232281249999999 0.6196296875 0.657003125 0.7360390625 0.6575328125000001 0.7318046875 0.42911093749999996 0.69265 0.42858124999999997 0.69265 0.44550156249999995 0.6497890625 0.4470875 0.6497890625 0.5227
0 0.57994375 0.79909375 0.5524296875 0.7975078124999999 0.5524296875 0.7271828124999999 0.509040625 0.7277109375 0.5085109375 0.70761875 0.46732031249999995 0.7082359375 0.4656515625 0.93656875 0.581003125 0.9376265625 0.57994375 0.79909375
0 0.596875 0.175 0.5921875 0.1796875 0.5875 0.215625 0.675 0.2125 0.6703125 0.175 0.596875 0.175
0 0.5609375 0.3796875 0.5609375 0.271875 0.4875 0.26875 0.478125 0.2796875 0.475 0.3265625 0.484375 0.38125 0.525 0.384375 0.5609375 0.3796875
0 0.609375 0.4859375 0.609375 0.4578125 0.6015625 0.45 0.4859375 0.45 0.4703125 0.4578125 0.465625 0.471875 0.4703125 0.4921875 0.603125 0.49375 0.609375 0.4859375
0 0.609375 0 0.6109375 0.109375 0.61875 0.1140625 0.7359375 0.109375 0.740625 0.103125 0.740625 0 0.609375 0
0 0.340625 0.78125 0.3328125 0.728125 0.265625 0.7265625 0.25 0.7328125 0.25 0.815625 0.2828125 0.821875 0.33125 0.81875 0.340625 0.78125
0 0.7203125 0.7734375 0.734375 0.7703125 0.7359375 0.7640625 0.7359375 0.7390625 0.725 0.7265625 0.6734375 0.725 0.659375 0.7296875 0.6109375 0.725 0.590625 0.7328125 0.590625 0.7703125 0.6328125 0.7625 0.66875 0.7734375 0.7203125 0.7734375
0 0.1734375 0.784375 0.184375 0.778125 0.1828125 0.7515625 0.171875 0.74375 0.0625 0.74375 0.0515625 0.7578125 0.05 0.778125 0.0578125 0.7828125 0.1359375 0.7859375 0.1734375 0.784375
0 0.1875 0.728125 0.1875 0.7625 0.221875 0.7640625 0.2234375 0.7296875 0.1875 0.728125