0 0.92548076875 0.3030597015625 0.9266826921875 0.31208046875 0.9639423078125 0.31749292812499996 0.9675480765625 0.2705849421875 0.8678977265625001 0.25710227343750003 0.8659855765625 0.29644447343749997 0.911658653125 0.3018569328125 0.92548076875 0.3030597015625
0 0.90985576875 0.3289192328125 0.885216346875 0.3275240390625 0.8816105765625 0.355981534375 0.9074519234375 0.360191225 0.90985576875 0.3289192328125
0 0.84795673125 0.4257421296875 0.896033653125 0.43295874375 0.9080528843750001 0.3710161453125 0.9074519234375 0.3719951921875 0.8900240390624999 0.3692119921875 0.88701923125 0.38605075625 0.8533653843750001 0.385449371875 0.84795673125 0.4257421296875
0 0.9236778843750001 0.3764286046875 0.927283653125 0.3475621515625 0.9110576921875 0.34735576875 0.8984375 0.431154590625 0.94891826875 0.43596566562500005 0.953125 0.385449371875 0.9236778843750001 0.3764286046875
0 0.6358173078125 0.23269772031249997 0.59735576875 0.2271634609375 0.5949519234375 0.25795586875 0.6322115390625 0.263368328125 0.6358173078125 0.23269772031249997
0 0.7043269234375 0.24171848749999997 0.654447115625 0.2349759609375 0.6514423078125 0.26637525 0.69891826875 0.2729904796875 0.7043269234375 0.24171848749999997
0 0.6514423078125 0.19180357812499998 0.6376201921875 0.189903846875 0.6322115390625 0.236306028125 0.646033653125 0.23931295000000002 0.6514423078125 0.19180357812499998
0 0.6979166671875 0.034394059375 0.6791666671875001 0.03125 0.6760416671875 0.06670845 0.696875 0.07087805 0.6979166671875 0.034394059375
0 0.662259615625 0.057846671875 0.6394230765625 0.0770909734375 0.643028846875 0.08250343437499999 0.66826923125 0.08551035625 0.6711738046875 0.0599321125 0.662259615625 0.057846671875
0 0.28571428593750003 0.4243537625 0.2466517859375 0.420758928125 0.2377232140625 0.44222347187500005 0.2834821421875 0.443340328125 0.28571428593750003 0.4243537625
0 0.3255208328125 0.50278330625 0.2877604171875 0.4993489578125 0.2864583328125 0.5301462984375 0.3229166671875 0.5360097968749999 0.3255208328125 0.50278330625
0 0.5494791671875 0.2195636875 0.5032552078125 0.21419270781250002 0.49609375 0.265168675 0.5423177078125 0.2703806734375 0.5494791671875 0.2195636875