0 0.9696468749999999 0.9400203125000001 0.8654171875 0.9308921874999999 0.8652484375 0.94703125 0.968796875 0.9551046875000001 0.9696468749999999 0.9400203125000001
0 0.4375 0.0484375 0.4375 0.11875 0.50625 0.11875 0.5046875 0.046875 0.4375 0.0484375
0 0.4109375 0 0.4125 0.0375 0.4171875 0.0421875 0.5046875 0.040625 0.5046875 0 0.4109375 0
0 0 0.1078125 0.1109375 0.1078125 0.115625 0.1015625 0.109375 0.0875 0.025 0.0890625 0 0.090625 0 0.1078125
0 0.1109375 0.0859375 0.1140625 0.078125 0.10625 0.0625 0.003125 0.065625 0 0.0828125 0.0046875 0.0859375 0.015625 0.08125 0.1109375 0.0859375
0 0 0.0640625 0.1109375 0.0609375 0.115625 0.046875 0.1078125 0.0375 0 0.0390625 0 0.0640625
0 0 0.1296875 0.0328125 0.1296875 0.034375 0.1140625 0 0.1140625 0 0.1296875
0 0.1109375 0.159375 0.084375 0.1609375 0.0859375 0.178125 0.1078125 0.178125 0.1171875 0.171875 0.1109375 0.159375
0 0.090625 0.1109375 0.090625 0.128125 0.1140625 0.1265625 0.1109375 0.1109375 0.090625 0.1109375
0 0.084375 0.2109375 0.084375 0.2265625 0.1171875 0.2234375 0.115625 0.2109375 0.084375 0.2109375
0 0.084375 0.1859375 0.0859375 0.2015625 0.1171875 0.1984375 0.1140625 0.184375 0.084375 0.1859375
0 0 0.3140625 0.1125 0.309375 0.1203125 0.296875 0.115625 0.2890625 0.028125 0.290625 0 0.2921875 0 0.3140625
0 0.0859375 0.234375 0.0875 0.25 0.1171875 0.246875 0.1140625 0.2328125 0.0859375 0.234375
0 0.090625 0.1359375 0.090625 0.153125 0.115625 0.15 0.1140625 0.1359375 0.090625 0.1359375
0 0 0.3609375 0.1171875 0.3578125 0.1203125 0.353125 0.1171875 0.3375 0.0046875 0.3390625 0 0.340625 0 0.3609375
0 0.0875 0.2625 0.084375 0.2765625 0.11875 0.275 0.1140625 0.2609375 0.0875 0.2625
0 0 0.38125 0.1203125 0.3765625 0.11875 0.3625 0.103125 0.3609375 0 0.3625 0 0.38125
0 0 0.425 0.071875 0.428125 0.125 0.421875 0.1203125 0.409375 0.0296875 0.4109375 0 0.4125 0 0.425
0 0 0.4109375 0.053125 0.4046875 0.1171875 0.4078125 0.1234375 0.4 0.11875 0.3859375 0.0046875 0.3875 0 0.3890625 0 0.4109375
0 0 0.7421875 0.2203125 0.7390625 0.2359375 0.73125 0.2359375 0.71875 0.228125 0.715625 0 0.7171875 0 0.7421875
0 0.98125 0.9390625 0.98125 0.9546875 0.9984375 0.95625 0.9984375 0.9375 0.98125 0.9390625
0 0.9484375 0.978125 0.9421875 0.9625 0.8953125 0.9609375 0.89375 0.975 0.9 0.9796875 0.9421875 0.9828125 0.9484375 0.978125
0 0.228125 0.740625 0.003125 0.7453125 0 0.76875 0.228125 0.765625 0.2296875 0.7546875 0.228125 0.740625
0 0.003125 0.815625 0 0.8328125 0.0375 0.8296875 0.0328125 0.815625 0.003125 0.815625
0 0 0.7890625 0.215625 0.7859375 0.2296875 0.78125 0.2265625 0.7640625 0.165625 0.7640625 0 0.76875 0 0.7890625
0 0 0.8140625 0.0109375 0.8109375 0.0109375 0.79375 0 0.79375 0 0.8140625
0 0.103125 0.815625 0.0421875 0.8171875 0.04375 0.83125 0.0984375 0.83125 0.10625 0.8265625 0.103125 0.815625
0 0.24375 0.8109375 0.1828125 0.8140625 0.1828125 0.8265625 0.1890625 0.8296875 0.2484375 0.825 0.24375 0.8109375
0 0.115625 0.3125 0.0015625 0.315625 0 0.3328125 0.1109375 0.3328125 0.121875 0.3234375 0.115625 0.3125
0 0.25625 0.809375 0.2546875 0.8265625 0.2875 0.8234375 0.2828125 0.809375 0.25625 0.809375
0 0.103125 0.709375 0.1015625 0.6984375 0.0390625 0.6984375 0.034375 0.703125 0.0375 0.7140625 0.096875 0.7140625 0.103125 0.709375
0 0.1765625 0.6953125 0.1796875 0.7109375 0.24375 0.7078125 0.240625 0.69375 0.1765625 0.6953125
0 0.2953125 0.6921875 0.296875 0.7078125 0.3140625 0.7046875 0.3125 0.6921875 0.2953125 0.6921875