0 0.1065859375 0.3154171875 0.10251718750000001 0.327621875 0.1372328125 0.340096875 0.1404859375 0.327078125 0.1065859375 0.3154171875
0 0.026578125 0.243275 0 0.23595312499999999 0.000271875 0.286940625 0.014373437499999999 0.290465625 0.026578125 0.243275
0 0.4892875 0.2644796875 0.532265625 0.268965625 0.5325015625 0.25763125 0.46425625000000004 0.25101874999999996 0.46236718750000005 0.2791203125 0.48881406250000003 0.2812453125 0.4892875 0.2644796875
0 0.6520312500000001 0.43805937500000003 0.6382359375 0.46105 0.6600015625 0.476071875 0.6734890625000001 0.44970781249999997 0.6520312500000001 0.43805937500000003
0 0.597159375 0.4475625 0.5714078125000001 0.488946875 0.5937859375000001 0.50580625 0.62015 0.46227656250000004 0.597159375 0.4475625
0 0.630571875 0.40219375 0.617696875 0.4196671875 0.637009375 0.434075 0.6492718749999999 0.41384218749999996 0.630571875 0.40219375
0 0.648659375 0.49293125 0.6278140624999999 0.48128281250000005 0.60758125 0.5128578125 0.6290390625 0.5263453124999999 0.648659375 0.49293125
0 0.8195406249999999 0.600965625 0.7313671875 0.5930765625000001 0.7281187499999999 0.626025 0.8172203124999999 0.634378125 0.8195406249999999 0.600965625
0 0.530890625 0.632521875 0.510471875 0.630665625 0.5072234375 0.6877453124999999 0.527178125 0.6891375 0.530890625 0.632521875
0 0.5959749999999999 0.8972546875 0.5922125 0.8840875 0.5730890625 0.8887906250000001 0.5752843750000001 0.9032109374999999 0.5944078125 0.8975687499999999 0.5959749999999999 0.8972546875
0 0.6166671874999999 0.8486609375 0.6198015625 0.8586937499999999 0.6282656249999999 0.8583796875 0.6257578125000001 0.8182515625000001 0.5969156250000001 0.8195046874999999 0.5972296874999999 0.8405093750000001 0.60976875 0.8502281249999999 0.6166671874999999 0.8486609375
0 0.6524062500000001 0.8132343750000001 0.637671875 0.814175 0.643628125 0.8865953125000001 0.6583625 0.8856546875 0.6524062500000001 0.8132343750000001