0 0.8921875 0.7349313859375 0.896875 0.695841396875 0.8015625 0.684375 0.8015625 0.6864598 0.7984375 0.7224225890625 0.8921875 0.7349313859375
0 0.975 0.7336507453125 0.9520833328125 0.7294811453125 0.953125 0.7200995484375 0.9697916671875 0.7221843484375 0.9697916671875 0.6971667546875 0.9354166671874999 0.6947916671875001 0.93125 0.7440747421875 0.9708333328125001 0.751371540625 0.975 0.7336507453125
0 0.9625 0.2127331109375 0.9072916671875 0.225 0.9427083328125001 0.36805066875 0.9947916671874999 0.35658427187499997 0.9625 0.2127331109375
0 0.9979166671874999 0.3284394796875 0.9979166671874999 0.20230911406250002 0.9708333328125001 0.2085635109375 0.9979166671874999 0.3284394796875
0 0.3239583328125 0.649309465625 0.38333333281250004 0.6670302609375 0.390625 0.653125 0.30416666718749996 0.626376671875 0.2958333328125 0.6670302609375 0.3166666671875 0.6732846593749999 0.3239583328125 0.649309465625
0 0.16354166718750002 0.647224665625 0.1989583328125 0.6576486625 0.203125 0.6440974671874999 0.1854166671875 0.6368006687500001 0.190625 0.624291871875 0.1447916671875 0.6114583328125 0.1427083328125 0.6274190703125 0.1666666671875 0.6347158687500001 0.16354166718750002 0.647224665625
0 0.27291666718749996 0.22839476250000001 0.284375 0.19191077343750002 0.2416666671875 0.17916666718750002 0.240625 0.1794019765625 0.23125 0.21275876718750003 0.27291666718749996 0.22839476250000001
0 0.2958333328125 0.2263099640625 0.3291666671875 0.23360676093750002 0.3333333328125 0.221097965625 0.3270833328125 0.219013165625 0.3260416671875 0.220055565625 0.2822916671875 0.20546196874999997 0.2666666671875 0.2586243546875 0.2854166671875 0.262793953125 0.2958333328125 0.2263099640625
0 0.340625 0.0720348046875 0.3385416671875 0.01991481875 0.2907856875 0.0218684265625 0.3 0.0741196046875 0.340625 0.0720348046875
0 0.459375 0.9045955015624999 0.3739583328125 0.8875 0.36875 0.9118923000000001 0.45520833281249995 0.9296130953124999 0.459375 0.9045955015624999
0 0.963341346875 0.47131413125000005 0.950721153125 0.474321053125 0.9609375 0.5152151953125 0.9984375 0.50318750625 0.9903846156249999 0.46454326874999996 0.9759615390624999 0.4677058234375 0.981971153125 0.4923625859375 0.96875 0.49597089375000003 0.963341346875 0.47131413125000005
0 0.9693509609375001 0.5134110421875 0.9579326921875 0.5144230765625 0.963341346875 0.5410747265625 0.9759615390624999 0.5386691890625 0.9693509609375001 0.5134110421875
0 0.9984375 0.523634578125 0.997596153125 0.5104041203125 0.9855769234375 0.51141826875 0.9825721156249999 0.5152151953125 0.9981971156249999 0.5362636515625 0.9984375 0.523634578125