0 0.1266741078125 0.2702628625 0.102678571875 0.15680803593749998 0.044084821875 0.164719890625 0.067522321875 0.281989859375 0.1266741078125 0.2702628625
0 0.12444196406250001 0.3527885296875 0.109375 0.3532366078125 0.11104910781249999 0.4298516515625 0.130022321875 0.4298516515625 0.12444196406250001 0.3527885296875
0 0.1305803578125 0.4276179375 0.112165178125 0.42801339218749995 0.112165178125 0.4829023515625 0.1328125 0.48401920781249996 0.1305803578125 0.4276179375
0 0.15290178593749998 0.350554815625 0.13337053593749998 0.35044642812500004 0.137834821875 0.42873479375 0.157366071875 0.428176365625 0.15290178593749998 0.350554815625
0 0.15680803593749998 0.42650108124999997 0.1383928578125 0.42745535781250005 0.1428571421875 0.480110209375 0.15959821406250002 0.480110209375 0.15680803593749998 0.42650108124999997
0 0.174665178125 0.36284024062500003 0.15680803593749998 0.36383928593750003 0.1623883921875 0.47117535468750005 0.1819196421875 0.47117535468750005 0.174665178125 0.36284024062500003
0 0.1203125 0.6881912671875 0.14010416718750002 0.581345296875 0.0979166671875 0.5734375 0.096875 0.5719637 0.07291666718749999 0.6782884703125001 0.1203125 0.6881912671875
0 0.1625 0.5844724953125 0.1458333328125 0.58125 0.1338541671875 0.626689684375 0.1520833328125 0.6329440828124999 0.1625 0.5844724953125
0 0.15 0.6444104796875 0.1317708328125 0.640625 0.1213541671875 0.6887124671875 0.1395833328125 0.6928820671875 0.15 0.6444104796875
0 0.416819853125 0.12969066875 0.4140625 0.1140546734375 0.366727940625 0.12362132343750001 0.3612132359375 0.12371220000000001 0.3653492640625 0.139808078125 0.416819853125 0.12969066875
0 0.4512867640625 0.1402679609375 0.40073529375000005 0.14935661718749998 0.401194853125 0.16786089375 0.455882353125 0.157283603125 0.4512867640625 0.1402679609375
0 0.3368566171875 0.6278886546875 0.3965992640625 0.6274287734375 0.390165440625 0.535912209375 0.359834559375 0.5376838234375 0.36167279375 0.5773016109375 0.3345588234375 0.5773016109375 0.3368566171875 0.6278886546875
0 0.12890625 0.6897321421875 0.11886160781249999 0.7350971875 0.1389508921875 0.7384477578124999 0.147321428125 0.6920981984375 0.12890625 0.6897321421875
0 0.119977678125 0.7261623328125 0.102678571875 0.7161106203125 0.10323660781249999 0.7066173375 0.12332589218750001 0.7105263359375 0.127790178125 0.6859554859375 0.078125 0.6768973218750001 0.0658482140625 0.736772471875 0.11551339218750001 0.747941040625 0.119977678125 0.7261623328125