0 0.3802083328125 0.5440417546874999 0.4291666671875 0.547168953125 0.434375 0.466904175 0.3875 0.4648193765625 0.3885416671875 0.43042018593750003 0.43854166718750004 0.435632184375 0.43958333281249995 0.3960209953125 0.3927083328125 0.3918513953125 0.3947916671875 0.343901009375 0.4375 0.3491130078125 0.44375 0.28239942500000004 0.40208333281249997 0.2782298265625 0.40416666718750005 0.2552970328125 0.3729166671875 0.2520833328125 0.340625 0.58156814375 0.3760416671875 0.58469534375 0.3802083328125 0.5440417546874999
0 0.4927083328125 0.361621803125 0.453125 0.3574522046875 0.45104166718750005 0.3918513953125 0.4895833328125 0.3960209953125 0.48645833281249995 0.4293777859375 0.4447916671875 0.4252081875 0.44166666718750003 0.4762857734375 0.48541666718750004 0.479412971875 0.48229166718750005 0.5179817609375 0.428125 0.5138121625000001 0.421875 0.5888649421875 0.5041666671875 0.5972041406249999 0.5322916671875 0.2646786296875 0.46666666718750005 0.25946663124999997 0.4635416671875 0.30428981875 0.496875 0.3105442171875 0.4927083328125 0.361621803125
0 0.3645833328125 0.6618329234375 0.3635416671875 0.67851131875 0.3614583328125 0.735843303125 0.5489583328125 0.7493944984375001 0.5552083328124999 0.67746891875 0.3645833328125 0.6618329234375
0 0.55625 0.6458333328125 0.365625 0.63264573125 0.3645833328125 0.6534937249999999 0.5541666671875001 0.6680873218750001 0.55625 0.6458333328125
0 0.9479166671874999 0.734375 0.94375 0.7857626671875 0.9979166671874999 0.7909746656250001 0.9989583328125 0.7398970796875 0.9479166671874999 0.734375
0 0.0020833328125000002 0.219094534375 0.0041666671875 0.2520833328125 0.0927083328125 0.2732993203125 0.1625 0 0.054166667187499996 0.00123299375 0.0020833328125000002 0.219094534375
0 0.23020833281250003 0.102345765625 0.15 0.080455371875 0.1291666671875 0.16593214843749998 0.23020833281250003 0.19375 0.24895833281250002 0.13049055781250002 0.2270833328125 0.12006656093750001 0.23020833281250003 0.102345765625
0 0.1677083328125 0.082540171875 0.23854166718749997 0.101303365625 0.24583333281250003 0.07003137499999999 0.1510416671875 0.04501378125 0.140625 0.07524337343750001 0.1677083328125 0.082540171875
0 0.2510416671875 0.058564978125 0.2552083328125 0.029166667187500002 0.1583333328125 0.0043601921875 0.15 0.033547384375 0.2510416671875 0.058564978125
0 0.2614583328125 0.0020833328125000002 0.1916666671875 0.00123299375 0.25833333281250004 0.0147841890625 0.2614583328125 0.0020833328125000002
0 0.2322916671875 0.20554333749999998 0.1291666671875 0.18125 0.121875 0.2117977359375 0.221875 0.23368812968750002 0.2322916671875 0.20554333749999998
0 0.08333333281250001 0.334375 0.075 0.3639880953125 0.18020833281249998 0.3910904875 0.1854166671875 0.3650304953125 0.08333333281250001 0.334375
0 0.20208333281250002 0.31708010781249996 0.0916666671875 0.290625 0.0822916671875 0.32229210625000004 0.1895833328125 0.34939449843750003 0.20208333281250002 0.31708010781249996
0 0.1010416671875 0.2447924 0.09375 0.27851131875 0.2010416671875 0.30248651249999997 0.20729166718749997 0.2691297203125 0.1010416671875 0.2447924
0 0.0052083328125 0.309375 0.0041666671875 0.343064596875 0.071875 0.3587005921875 0.0760416671875 0.3326406 0.0052083328125 0.309375