0 0.22538437500000003 0.02286875 0.1489640625 0.0334703125 0.1511203125 0.0538453125 0.22621406249999998 0.043078125 0.22538437500000003 0.02286875
0 0.1914015625 0.0747171875 0.156796875 0.07786562500000001 0.1595734375 0.09906875000000001 0.193225 0.0947609375 0.1914015625 0.0747171875
0 0.14677656249999999 0.201096875 0.1189609375 0.20056875000000002 0.1197359375 0.2219765625 0.1469296875 0.22151562500000002 0.14677656249999999 0.201096875
0 0.159375 0.22397187500000001 0.1231859375 0.22405468750000002 0.12357812500000001 0.2446984375 0.1589140625 0.2448515625 0.159375 0.22397187500000001
0 0.2078125 0.0703125 0.2078125 0.0875 0.23125 0.084375 0.228125 0.0671875 0.2078125 0.0703125
0 0.1140625 0.153125 0.115625 0.171875 0.1453125 0.16875 0.14375 0.153125 0.1140625 0.153125
0 0.1734375 0.203125 0.175 0.24375 0.2546875 0.24375 0.2515625 0.203125 0.1734375 0.203125
0 0.2734375 0.20625 0.275 0.2453125 0.3375 0.2453125 0.3359375 0.2046875 0.2734375 0.20625
0 0.3921875 0.1921875 0.39375 0.2125 0.421875 0.2125 0.421875 0.19375 0.3921875 0.1921875
0 0.4390625 0.1953125 0.440625 0.2125 0.5453125 0.2125 0.540625 0.1953125 0.4390625 0.1953125
0 0.3921875 0.1625 0.3921875 0.18125 0.415625 0.18125 0.4125 0.1625 0.3921875 0.1625
0 0.39375 0.1328125 0.3953125 0.1515625 0.4234375 0.1515625 0.4234375 0.1328125 0.39375 0.1328125
0 0.4453125 0.1625 0.44375 0.18125 0.4734375 0.1828125 0.4734375 0.1640625 0.4453125 0.1625
0 0.5328125 0.134375 0.4359375 0.1328125 0.4359375 0.1515625 0.5390625 0.1515625 0.5390625 0.1375 0.5328125 0.134375
0 0.5046875 0.1640625 0.5046875 0.1828125 0.534375 0.18125 0.5328125 0.1640625 0.5046875 0.1640625
0 0.55625 0.1953125 0.5546875 0.2140625 0.5859375 0.2125 0.584375 0.196875 0.55625 0.1953125