0 0.2900390625 0.312835371875 0.3046875 0.307949121875 0.29296875 0.26592738437499996 0.2587890625 0.2783203125 0.2626953125 0.29817662500000003 0.283203125 0.2932903765625 0.2900390625 0.312835371875
0 0.35546875 0.2919921875 0.3447265625 0.2512686375 0.296875 0.263972884375 0.30859375 0.3069718734375 0.35546875 0.2919921875
0 0.310546875 0.381242853125 0.287109375 0.3861291015625 0.2890625 0.401765096875 0.328125 0.3939471 0.3193359375 0.3489936109375 0.28125 0.3583984375 0.287109375 0.3734248546875 0.3056640625 0.36853860625 0.310546875 0.381242853125
0 0.3642578125 0.36853860625 0.34375 0.3724476046875 0.33984375 0.3636523578125 0.361328125 0.355834359375 0.359375 0.341796875 0.318359375 0.3509481109375 0.3271484375 0.3939471 0.3681640625 0.382220103125 0.3642578125 0.36853860625
0 0.33482142812500004 0.417629059375 0.29743303593750003 0.426897321875 0.30189732187499996 0.440524625 0.33705357187499996 0.431031340625 0.33482142812500004 0.417629059375
0 0.31696428593750003 0.41707063125 0.33314732187499996 0.41483691718750004 0.32756696406249997 0.3930582078125 0.2890625 0.40234375 0.29185267812500004 0.413720059375 0.3147321421875 0.40813577656250005 0.31696428593750003 0.41707063125
0 0.3733258921875 0.40701891874999996 0.35212053593750003 0.41260320312500004 0.34877232187499996 0.4031099203125 0.36049107187499996 0.39975934999999996 0.359375 0.387473925 0.33091517812500004 0.3924997796875 0.34040178593750003 0.4327066265625 0.3766741078125 0.4226549140625 0.3733258921875 0.40701891874999996
0 0.55078125 0.242282534375 0.5100446421875 0.24888392812500001 0.51953125 0.2925410921875 0.5574776781249999 0.2869568078125 0.55078125 0.242282534375
0 0.5608258921875 0.2863983796875 0.5139508921875 0.2952008921875 0.5200892859375 0.3327479390625 0.5669642859375 0.3243715125 0.5608258921875 0.2863983796875
0 0.5982142859375 0.2573601015625 0.5770089281249999 0.2607106734375 0.5725446421875 0.24674996249999998 0.5563616078125 0.24888392812500001 0.5608258921875 0.2785803828125 0.6010044640625 0.2713208125 0.5982142859375 0.2573601015625
0 0.5770089281249999 0.2925410921875 0.5998883921875 0.28751523749999996 0.5982142859375 0.276905096875 0.5630580359375 0.2834821421875 0.5719866078125 0.3215793703125 0.5831473218750001 0.3199040859375 0.5770089281249999 0.2925410921875
0 0.5608258921875 0.3556435046875 0.5362723218750001 0.36011093125000004 0.5390625 0.37295478593750003 0.5731026781249999 0.365695215625 0.5669642859375 0.3277220828125 0.53125 0.3337053578125 0.53515625 0.34503336406249996 0.5574776781249999 0.3400075078125 0.5608258921875 0.3556435046875
0 0.6104910718750001 0.35899407499999997 0.609375 0.34782550625 0.5881696421875 0.352292934375 0.5853794640625 0.33554008125 0.60546875 0.33258928593750003 0.6032366078125 0.3210209421875 0.5708705359375 0.3266052265625 0.5775669640625 0.3651367875 0.6104910718750001 0.35899407499999997
0 0.5613839281249999 0.39138292343750003 0.5368303578125 0.3964087796875 0.5401785718750001 0.40813577656250005 0.5758928578125 0.401434634375 0.5719866078125 0.37239635625 0.5345982140625 0.37779017812500004 0.5362723218750001 0.388032353125 0.5608258921875 0.383564925 0.5613839281249999 0.39138292343750003
0 0.625 0.3930582078125 0.6227678578125 0.3807727828125 0.5987723218750001 0.384123353125 0.59765625 0.3785390703125 0.6194196421875 0.3746300703125 0.6166294640625 0.3634615015625 0.5948660718750001 0.365695215625 0.5831473218750001 0.3746300703125 0.5909598218750001 0.3986424921875 0.625 0.3930582078125
0 0.5848214281249999 0.42321334374999997 0.5764508921875 0.424888628125 0.5731026781249999 0.4092526328125 0.5613839281249999 0.411486346875 0.56640625 0.43661562500000006 0.5558035718750001 0.4388493390625 0.5485491078125 0.41204477500000003 0.5368303578125 0.4140625 0.5452008921875 0.460628046875 0.5887276781249999 0.4516931921875 0.5848214281249999 0.42321334374999997
0 0.5178571421875 0.1372979921875 0.47265625 0.1545758921875 0.491071428125 0.19872511875 0.53515625 0.1786216953125 0.5178571421875 0.1372979921875
0 0.40290178593750003 0.001116071875 0.41629464218749995 0.04147293125 0.46428571406249997 0.019135795312500002 0.45647321406249997 0 0.40290178593750003 0.001116071875
0 0.0338541671875 0.21198393124999998 0.019965278125 0.21354166718749998 0.03038194375 0.2745279140625 0.0442708328125 0.27279058125 0.0338541671875 0.21198393124999998
0 0.0625 0.2467305890625 0.0703125 0.245861921875 0.06423611093750001 0.2137212640625 0.0546875 0.21545859687500002 0.053819443749999994 0.20503459999999998 0.0416666671875 0.207465278125 0.0494791671875 0.24325592343750002 0.0607638890625 0.2406499234375 0.0625 0.2467305890625
0 0.1276041671875 0.7138092312500001 0.08767361093750001 0.71875 0.09461805625 0.7728785484375 0.13368055625 0.7685352156249999 0.1276041671875 0.7138092312500001
0 0.17795138906250002 0.70859723125 0.13628472187500001 0.714409721875 0.14409722187500001 0.7607172171875 0.18315972187500001 0.7563738859375 0.17795138906250002 0.70859723125