0 0.6973828125 0.1462609375 0.707975 0.11753125 0.6571312500000001 0.0960609375 0.63988125 0.1305359375 0.622934375 0.1250921875 0.6108296875 0.15109999999999998 0.6686328125000001 0.18164375 0.6861843750000001 0.1432375 0.6973828125 0.1462609375
0 0.6628828125 0.189809375 0.6528953125 0.1837609375 0.6447234374999999 0.19253125 0.6380656250000001 0.18799531249999998 0.6292890625 0.19737031249999998 0.6220265625 0.19495 0.615065625 0.2028125 0.6102234375 0.200090625 0.5990265625 0.20886093749999998 0.5932765625 0.20583749999999998 0.567553125 0.2369859375 0.5648296875 0.241825 0.6026578125000001 0.2714609375 0.6628828125 0.189809375
0 0.06907656250000001 0.0604890625 0.031090625 0.0489609375 0.042345312499999996 0.0104390625 0.004921875 0 0.0006515625 0.013653124999999999 0 0.0638625 0.060915624999999994 0.0832640625 0.06907656250000001 0.0604890625
0 0.113815625 0 0.0828640625 0.0922609375 0.12281875 0.1032265625 0.156584375 0.00031718750000000003 0.113815625 0
0 0 0.11981562500000001 0.006892187499999999 0.12234687500000001 0.01139375 0.11081875000000001 0.046846874999999996 0.11981562500000001 0.0575390625 0.086075 0 0.0677984375 0 0.11981562500000001
0 0.1062171875 0.1541203125 0.12084999999999999 0.1066015625 0.0642921875 0.0888875 0.053881250000000006 0.122065625 0.06879531250000001 0.12853281249999998 0.06570000000000001 0.14090468750000001 0.1062171875 0.1541203125
0 0.12225625 0.1296578125 0.1045296875 0.1875796875 0.12760156250000002 0.194609375 0.143359375 0.1372484375 0.12225625 0.1296578125
0 0.21173437499999997 0 0.2077953125 0.006503125 0.2460625 0.0208421875 0.2508453125 0.0025656249999999998 0.2432484375 0 0.21173437499999997 0
0 0.2859484375 0 0.2862984375 0.0036906250000000003 0.3574875 0.027028124999999997 0.3698671875 0 0.2859484375 0
0 0 0.2321078125 0.03096875 0.241828125 0.027321875000000002 0.253575 0.0431296875 0.2604609375 0.039075 0.2730171875 0.0779875 0.28314218750000003 0.10433437500000001 0.20213437500000003 0.084878125 0.19605937499999998 0.0824453125 0.20294531249999997 0 0.1802625 0 0.2321078125
0 0 0.352809375 0.014349999999999998 0.35807500000000003 0.0236734375 0.3293171875 0 0.3208109375 0 0.352809375
0 0.0897421875 0.371846875 0.093390625 0.35969531250000003 0.1298703125 0.3722515625 0.15094687499999998 0.3050140625 0.1622953125 0.309065625 0.142434375 0.37670625 0.18094062500000002 0.386428125 0.1890484375 0.362125 0.20647656250000002 0.36617500000000003 0.2230953125 0.3094703125 0.0852828125 0.2612703125 0.045156249999999995 0.37103593749999997 0.068259375 0.377921875 0.0723125 0.36739062499999997 0.0897421875 0.371846875
0 0.2539 0.38926249999999996 0.2575484375 0.379946875 0.274571875 0.38480781249999996 0.277815625 0.37306093749999997 0.2875421875 0.3742765625 0.29240625 0.3637453125 0.3005140625 0.36496093749999997 0.305378125 0.354834375 0.3142953125 0.35807500000000003 0.31956406249999997 0.3398484375 0.2380921875 0.30460937499999996 0.19837031249999998 0.39776875 0.233634375 0.41397031249999994 0.24498281249999998 0.3888578125 0.2539 0.38926249999999996
0 0.32442812499999996 0.44242499999999996 0.335371875 0.4428296875 0.341046875 0.4367546875 0.36333906250000003 0.45376562500000006 0.3536109375 0.4647015625 0.371040625 0.4776625 0.3925234375 0.4574109375 0.418059375 0.4776625 0.4115734375 0.4877890625 0.43021875 0.502775 0.558303125 0.3293171875 0.47196718750000005 0.2657265625 0.4229234375 0.3281015625 0.4277875 0.3325578125 0.4091421875 0.3576703125 0.38887499999999997 0.346328125 0.3621234375 0.3827828125 0.38076875 0.39574375 0.35928593750000004 0.42328593750000004 0.3317234375 0.4054640625 0.36171875 0.35888437500000003 0.3467203125 0.34794843750000004 0.34023593750000003 0.3556453125 0.3309125 0.352809375 0.324021875 0.36293593749999997 0.3155109375 0.359290625 0.3074046875 0.36860624999999997 0.3005140625 0.3645546875 0.282678125 0.38480781249999996 0.27619375 0.38116249999999996 0.2656546875 0.39169375 0.2620078125 0.3880484375 0.24498281249999998 0.41113437499999994 0.2453890625 0.4152875 0.3098359375 0.462271875 0.32442812499999996 0.44242499999999996