0 0.34375 0.7239061734375001 0.2980769234375 0.7259615390625 0.30048076875 0.7888556953125 0.3449519234375 0.7840446187500001 0.34375 0.7239061734375001
0 0.3425480765625 0.63369850625 0.3293269234375 0.634615384375 0.330528846875 0.664970496875 0.34375 0.662564959375 0.3425480765625 0.63369850625
0 0.388221153125 0.634615384375 0.349759615625 0.63610404375 0.3521634609375 0.655348346875 0.3894230765625 0.6517400390625 0.388221153125 0.634615384375
0 0.4453125 0.9207735890625001 0.4596354171875 0.9207735890625001 0.4563802078125 0.8803806 0.4348958328125 0.880859375 0.435546875 0.9044860937499999 0.4446614578125 0.9038345937500001 0.4453125 0.9207735890625001
0 0.4733072921875 0.9351065859375 0.486328125 0.9351065859375 0.4830729171875 0.8784261015625001 0.4609375 0.87890625 0.46484375 0.9272885875 0.4713541671875 0.9272885875 0.4733072921875 0.9351065859375
0 0.4622395828125 0.973545075 0.4615885421875 0.9487880828125 0.4303385421875 0.9505208328125001 0.4303385421875 0.9507425812499999 0.4322916671875 0.973545075 0.4622395828125 0.973545075
0 0.46484375 0.9416215843750001 0.466796875 0.972893575 0.4973958328125 0.9720052078125001 0.4947916671875 0.9468335828125 0.4876302078125 0.9474850828125 0.486328125 0.9409700843750001 0.46484375 0.9416215843750001
0 0.6966145828125 0.8823351 0.6666666671875 0.8834635421874999 0.666015625 0.9272885875 0.6985677078125 0.9259855874999999 0.6966145828125 0.8823351
0 0.7076822921875 0.9168645906249999 0.7317708328125 0.914258590625 0.7291666671875 0.8803806 0.6998697921875 0.8815104171874999 0.701171875 0.90644059375 0.7063802078125 0.90644059375 0.7076822921875 0.9168645906249999
0 0.7356770828125 0.9285915875 0.703125 0.9309895828125001 0.7063802078125 0.9566060796875 0.7369791671875 0.95400008125 0.7356770828125 0.9285915875
0 0.4772135421875 0.42006711093750004 0.4303385421875 0.4220216109375 0.3951822921875 0.423828125 0.4016927078125 0.47218709687500005 0.4798177078125 0.4656720984375 0.4772135421875 0.42006711093750004
0 0.37286931874999996 0.9491485265625 0.33451704531250004 0.9495738640625 0.3359375 0.9811312453125 0.37286931874999996 0.9818419734375 0.37286931874999996 0.9491485265625
0 0.102022059375 0.15625 0.0744485296875 0.18484096249999998 0.0873161765625 0.186680490625 0.1341911765625 0.180242140625 0.102022059375 0.15625