0 0.1065625 0.50546875 0.09015625000000001 0.5114062500000001 0.09890625 0.5314062500000001 0.1153125 0.5246875 0.1065625 0.50546875
0 0.5152187500000001 0.2724265625 0.4855828125 0.2724265625 0.4853109375 0.28955625 0.5976 0.290371875 0.5978718749999999 0.24931718749999998 0.5818296875 0.24931718749999998 0.5823734375 0.2629109375 0.5698671875 0.2629109375 0.5693234375 0.2485015625 0.5543703125 0.2487734375 0.5551859375 0.2634546875 0.527725 0.2650859375 0.527996875 0.2490453125 0.4855828125 0.24931718749999998 0.4863984375 0.2607359375 0.5149468749999999 0.2601921875 0.5152187500000001 0.2724265625
0 0.5125 0.2125 0.5125 0.24375 0.55625 0.2421875 0.5546875 0.2125 0.5125 0.2125
0 0.8671875 0.275 0.86875 0.246875 0.8640625 0.24375 0.7984375 0.246875 0.796875 0.2671875 0.8015625 0.271875 0.8234375 0.278125 0.8671875 0.275
0 0.8984375 0.221875 0.8640625 0.215625 0.853125 0.2265625 0.85625 0.2453125 0.8984375 0.2421875 0.8984375 0.221875
0 0.8984375 0.2015625 0.865625 0.2 0.8640625 0.2125 0.871875 0.2171875 0.9 0.2140625 0.8984375 0.2015625
0 0.815625 0.2 0.803125 0.203125 0.7984375 0.2203125 0.83125 0.2171875 0.8296875 0.20625 0.815625 0.2
0 0.69375 0.2703125 0.68125 0.26875 0.6796875 0.29375 0.6890625 0.296875 0.69375 0.29375 0.69375 0.2703125
0 0.7375 0.25625 0.734375 0.25 0.7048640625 0.2494828125 0.6832453125 0.25154062499999996 0.6832453125 0.262865625 0.703125 0.2640625 0.739525 0.266296875 0.7375 0.25625
0 0.740625 0.1921875 0.6890625 0.1921875 0.6875 0.2046875 0.7375 0.2078125 0.7421875 0.203125 0.740625 0.1921875
0 0.7 0.303125 0.696875 0.309375 0.6984375 0.3203125 0.728125 0.321875 0.7203125 0.303125 0.7 0.303125
0 0.7421875 0.2734375 0.73125 0.26875 0.728125 0.296875 0.7359375 0.2984375 0.740625 0.296875 0.7421875 0.2734375
0 0.68125 0.2109375 0.6734375 0.2140625 0.671875 0.24375 0.684375 0.2484375 0.6875 0.2171875 0.68125 0.2109375
0 0.740625 0.215625 0.7390625 0.2484375 0.7515625 0.25 0.753125 0.215625 0.740625 0.215625